#z (m)	r (m)	phi (deg) 	Br (T)	Bphi (T)	Bz (T)	B (T)	probeID	Date (DDMMYYY)	Time (24-HH:MM:SS)
0.1000239180	0.0000000000	0.0000000000	0.0005699788	-0.0001648882	-0.0044710000	0.0045102001	0	20032018	75600
0.1000239180	0.0300000000	340.0000000000	-0.0000130000	-0.0001250000	-0.0042740000	0.0042758473	1	20032018	75600
0.1000239180	0.0600000000	70.0000000000	0.0004910000	-0.0002570000	-0.0042240000	0.0042602002	2	20032018	75600
0.1000239180	0.0900000000	340.0000000000	0.0008430000	0.0001140000	-0.0046120000	0.0046897963	3	20032018	75600
0.1000239180	0.1200000000	250.0000000000	0.0008330000	0.0000710000	-0.0041400000	0.0042235684	4	20032018	75600
0.1000239180	0.1500000000	70.0000000000	0.0010620000	-0.0000220000	-0.0038030000	0.0039485614	5	20032018	75600
0.1500335080	0.0000000000	0.0000000000	0.0005110408	-0.0001221530	-0.0054490000	0.0054742748	0	20032018	75603
0.1500335080	0.0300000000	340.0000000000	-0.0000140000	-0.0000770000	-0.0052570000	0.0052575825	1	20032018	75603
0.1500335080	0.0600000000	70.0000000000	0.0007290000	-0.0001750000	-0.0050990000	0.0051538206	2	20032018	75603
0.1500335080	0.0900000000	340.0000000000	0.0011060000	0.0001640000	-0.0054860000	0.0055987792	3	20032018	75603
0.1500335080	0.1200000000	250.0000000000	0.0010760000	0.0000770000	-0.0049270000	0.0050437123	4	20032018	75603
0.1500335080	0.1500000000	70.0000000000	0.0014510000	0.0000020000	-0.0045820000	0.0048062594	5	20032018	75603
0.2000145870	0.0000000000	0.0000000000	0.0005992267	-0.0000669875	-0.0067160000	0.0067430124	0	20032018	75605
0.2000145870	0.0300000000	340.0000000000	0.0001750000	-0.0000620000	-0.0065510000	0.0065536303	1	20032018	75605
0.2000145870	0.0600000000	70.0000000000	0.0009970000	-0.0002330000	-0.0064200000	0.0065011305	2	20032018	75605
0.2000145870	0.0900000000	340.0000000000	0.0014460000	0.0001940000	-0.0067190000	0.0068755736	3	20032018	75605
0.2000145870	0.1200000000	250.0000000000	0.0014770000	0.0000510000	-0.0061500000	0.0063250794	4	20032018	75605
0.2000145870	0.1500000000	70.0000000000	0.0018940000	-0.0000260000	-0.0055150000	0.0058312209	5	20032018	75605
0.2500115050	0.0000000000	0.0000000000	0.0005693259	-0.0000614253	-0.0085370000	0.0085561834	0	20032018	75607
0.2500115050	0.0300000000	340.0000000000	0.0003300000	0.0000780000	-0.0083290000	0.0083358998	1	20032018	75607
0.2500115050	0.0600000000	70.0000000000	0.0013390000	-0.0001830000	-0.0081230000	0.0082346548	2	20032018	75607
0.2500115050	0.0900000000	340.0000000000	0.0018720000	0.0002690000	-0.0083700000	0.0085810049	3	20032018	75607
0.2500115050	0.1200000000	250.0000000000	0.0020300000	0.0000220000	-0.0077120000	0.0079747306	4	20032018	75607
0.2500115050	0.1500000000	70.0000000000	0.0025510000	-0.0000740000	-0.0069280000	0.0073831065	5	20032018	75607
0.3000289920	0.0000000000	0.0000000000	0.0006813807	0.0001031764	-0.0109720000	0.0109936213	0	20032018	75609
0.3000289920	0.0300000000	340.0000000000	0.0005650000	0.0001550000	-0.0107440000	0.0107599622	1	20032018	75609
0.3000289920	0.0600000000	70.0000000000	0.0018780000	-0.0001860000	-0.0104770000	0.0106456098	2	20032018	75609
0.3000289920	0.0900000000	340.0000000000	0.0026210000	0.0003400000	-0.0105640000	0.0108895977	3	20032018	75609
0.3000289920	0.1200000000	250.0000000000	0.0029220000	0.0001120000	-0.0097940000	0.0102212066	4	20032018	75609
0.3000289920	0.1500000000	70.0000000000	0.0037390000	-0.0000340000	-0.0086370000	0.0094116442	5	20032018	75609
0.3500101010	0.0000000000	0.0000000000	0.0006491202	0.0002192077	-0.0145110000	0.0145271652	0	20032018	75612
0.3500101010	0.0300000000	340.0000000000	0.0008550000	0.0002700000	-0.0141860000	0.0142143069	1	20032018	75612
0.3500101010	0.0600000000	70.0000000000	0.0027510000	-0.0001060000	-0.0137760000	0.0140483954	2	20032018	75612
0.3500101010	0.0900000000	340.0000000000	0.0036650000	0.0003530000	-0.0137610000	0.0142450677	3	20032018	75612
0.3500101010	0.1200000000	250.0000000000	0.0041260000	0.0000790000	-0.0127500000	0.0134012170	4	20032018	75612
0.3500101010	0.1500000000	70.0000000000	0.0052710000	0.0000180000	-0.0110190000	0.0122148322	5	20032018	75612
0.4000180970	0.0000000000	0.0000000000	0.0007939744	0.0003569729	-0.0195170000	0.0195364048	0	20032018	75614
0.4000180970	0.0300000000	340.0000000000	0.0013680000	0.0004500000	-0.0191680000	0.0192220225	1	20032018	75614
0.4000180970	0.0600000000	70.0000000000	0.0040330000	-0.0000950000	-0.0184570000	0.0188927225	2	20032018	75614
0.4000180970	0.0900000000	340.0000000000	0.0052940000	0.0005500000	-0.0182000000	0.0189623030	3	20032018	75614
0.4000180970	0.1200000000	250.0000000000	0.0059000000	0.0000500000	-0.0170060000	0.0180004593	4	20032018	75614
0.4000180970	0.1500000000	70.0000000000	0.0076160000	0.0000210000	-0.0143740000	0.0162670149	5	20032018	75614
0.4500134280	0.0000000000	0.0000000000	0.0008722762	0.0007913907	-0.0267950000	0.0268208723	0	20032018	75616
0.4500134280	0.0300000000	340.0000000000	0.0020610000	0.0008600000	-0.0263660000	0.0264604096	1	20032018	75616
0.4500134280	0.0600000000	70.0000000000	0.0059210000	-0.0001230000	-0.0252310000	0.0259167269	2	20032018	75616
0.4500134280	0.0900000000	340.0000000000	0.0076830000	0.0007370000	-0.0245930000	0.0257757116	3	20032018	75616
0.4500134280	0.1200000000	250.0000000000	0.0086640000	0.0000550000	-0.0229470000	0.0245282027	4	20032018	75616
0.4500134280	0.1500000000	70.0000000000	0.0110760000	0.0001810000	-0.0190270000	0.0220167497	5	20032018	75616
0.5000103450	0.0000000000	0.0000000000	0.0010767767	0.0012596892	-0.0375690000	0.0376055319	0	20032018	75618
0.5000103450	0.0300000000	340.0000000000	0.0032240000	0.0012240000	-0.0369060000	0.0370667666	1	20032018	75618
0.5000103450	0.0600000000	70.0000000000	0.0087510000	-0.0000310000	-0.0352910000	0.0363598081	2	20032018	75618
0.5000103450	0.0900000000	340.0000000000	0.0113090000	0.0011520000	-0.0341990000	0.0360387595	3	20032018	75618
0.5000103450	0.1200000000	250.0000000000	0.0129450000	0.0000670000	-0.0318190000	0.0343515105	4	20032018	75618
0.5000103450	0.1500000000	70.0000000000	0.0166540000	0.0002510000	-0.0258660000	0.0307647310	5	20032018	75618
0.5500389400	0.0000000000	0.0000000000	0.0013569672	0.0019973445	-0.0536580000	0.0537123050	0	20032018	75620
0.5500389400	0.0300000000	340.0000000000	0.0048450000	0.0019300000	-0.0527440000	0.0530012119	1	20032018	75620
0.5500389400	0.0600000000	70.0000000000	0.0131800000	0.0000610000	-0.0502820000	0.0519807238	2	20032018	75620
0.5500389400	0.0900000000	340.0000000000	0.0167900000	0.0017230000	-0.0484030000	0.0512613230	3	20032018	75620
0.5500389400	0.1200000000	250.0000000000	0.0194110000	0.0000520000	-0.0451800000	0.0491733874	4	20032018	75620
0.5500389400	0.1500000000	70.0000000000	0.0250100000	0.0004660000	-0.0360250000	0.0438579284	5	20032018	75620
0.6000120850	0.0000000000	0.0000000000	0.0016978265	0.0030566475	-0.0770770000	0.0771562677	0	20032018	75622
0.6000120850	0.0300000000	340.0000000000	0.0071030000	0.0028880000	-0.0759540000	0.0763400502	1	20032018	75622
0.6000120850	0.0600000000	70.0000000000	0.0193820000	0.0003210000	-0.0724950000	0.0750419216	2	20032018	75622
0.6000120850	0.0900000000	340.0000000000	0.0247320000	0.0025560000	-0.0698560000	0.0741489426	3	20032018	75622
0.6000120850	0.1200000000	250.0000000000	0.0288430000	0.0000240000	-0.0654380000	0.0715125938	4	20032018	75622
0.6000120850	0.1500000000	70.0000000000	0.0382190000	0.0006160000	-0.0516740000	0.0642749850	5	20032018	75622
0.6500169070	0.0000000000	0.0000000000	0.0021381825	0.0045735152	-0.1107210000	0.1108360443	0	20032018	75624
0.6500169070	0.0300000000	340.0000000000	0.0101020000	0.0043390000	-0.1093500000	0.1099013186	1	20032018	75624
0.6500169070	0.0600000000	70.0000000000	0.0277540000	0.0006150000	-0.1049410000	0.1085508002	2	20032018	75624
0.6500169070	0.0900000000	340.0000000000	0.0353780000	0.0037510000	-0.1015120000	0.1075656034	3	20032018	75624
0.6500169070	0.1200000000	250.0000000000	0.0417260000	-0.0000600000	-0.0960490000	0.1047209295	4	20032018	75624
0.6500169070	0.1500000000	70.0000000000	0.0576190000	0.0010540000	-0.0770100000	0.0961852389	5	20032018	75624
0.7000328370	0.0000000000	0.0000000000	0.0026300211	0.0065505248	-0.1570210000	0.1571795815	0	20032018	75626
0.7000328370	0.0300000000	340.0000000000	0.0134440000	0.0061020000	-0.1555210000	0.1562202195	1	20032018	75626
0.7000328370	0.0600000000	70.0000000000	0.0378600000	0.0010540000	-0.1505160000	0.1552081079	2	20032018	75626
0.7000328370	0.0900000000	340.0000000000	0.0482250000	0.0052960000	-0.1468800000	0.1546849464	3	20032018	75626
0.7000328370	0.1200000000	250.0000000000	0.0572960000	-0.0002410000	-0.1408070000	0.1520180941	4	20032018	75626
0.7000328370	0.1500000000	70.0000000000	0.0830870000	0.0017610000	-0.1178860000	0.1442347381	5	20032018	75626
0.7500186770	0.0000000000	0.0000000000	0.0031263923	0.0085429114	-0.2175620000	0.2177521056	0	20032018	75628
0.7500186770	0.0300000000	340.0000000000	0.0168750000	0.0078860000	-0.2160860000	0.2168873302	1	20032018	75628
0.7500186770	0.0600000000	70.0000000000	0.0484860000	0.0015590000	-0.2111360000	0.2166373310	2	20032018	75628
0.7500186770	0.0900000000	340.0000000000	0.0616300000	0.0069270000	-0.2077450000	0.2168045785	3	20032018	75628
0.7500186770	0.1200000000	250.0000000000	0.0736310000	-0.0005130000	-0.2017340000	0.2147519362	4	20032018	75628
0.7500186770	0.1500000000	70.0000000000	0.1104420000	0.0023020000	-0.1795840000	0.2108391511	5	20032018	75628
0.8000203250	0.0000000000	0.0000000000	0.0035867339	0.0106175834	-0.2923380000	0.2925527371	0	20032018	75630
0.8000203250	0.0300000000	340.0000000000	0.0201590000	0.0097630000	-0.2909770000	0.2918378248	1	20032018	75630
0.8000203250	0.0600000000	70.0000000000	0.0586240000	0.0021960000	-0.2864190000	0.2923652499	2	20032018	75630
0.8000203250	0.0900000000	340.0000000000	0.0739580000	0.0084590000	-0.2833790000	0.2929931707	3	20032018	75630
0.8000203250	0.1200000000	250.0000000000	0.0882690000	-0.0010990000	-0.2776620000	0.2913568438	4	20032018	75630
0.8000203250	0.1500000000	70.0000000000	0.1323110000	0.0029720000	-0.2596790000	0.2914587733	5	20032018	75630
0.8500252080	0.0000000000	0.0000000000	0.0039898717	0.0128216219	-0.3817980000	0.3820340638	0	20032018	75633
0.8500252080	0.0300000000	340.0000000000	0.0233570000	0.0116050000	-0.3802710000	0.3811643463	1	20032018	75633
0.8500252080	0.0600000000	70.0000000000	0.0686540000	0.0029130000	-0.3755200000	0.3817553244	2	20032018	75633
0.8500252080	0.0900000000	340.0000000000	0.0858240000	0.0098680000	-0.3720210000	0.3819198356	3	20032018	75633
0.8500252080	0.1200000000	250.0000000000	0.1018980000	-0.0017060000	-0.3655990000	0.3795375365	4	20032018	75633
0.8500252080	0.1500000000	70.0000000000	0.1478030000	0.0035830000	-0.3482420000	0.3783266515	5	20032018	75633
0.9000157470	0.0000000000	0.0000000000	0.0044011384	0.0153579178	-0.4875140000	0.4877757024	0	20032018	75635
0.9000157470	0.0300000000	340.0000000000	0.0273700000	0.0138030000	-0.4854910000	0.4864577585	1	20032018	75635
0.9000157470	0.0600000000	70.0000000000	0.0811360000	0.0037800000	-0.4793580000	0.4861907353	2	20032018	75635
0.9000157470	0.0900000000	340.0000000000	0.1003880000	0.0116120000	-0.4739640000	0.4846178519	3	20032018	75635
0.9000157470	0.1200000000	250.0000000000	0.1190850000	-0.0026030000	-0.4650170000	0.4800300231	4	20032018	75635
0.9000157470	0.1500000000	70.0000000000	0.1673660000	0.0044270000	-0.4400940000	0.4708648480	5	20032018	75635
0.9500190430	0.0000000000	0.0000000000	0.0048943480	0.0187976728	-0.6147450000	0.6150518045	0	20032018	75637
0.9500190430	0.0300000000	340.0000000000	0.0327820000	0.0167010000	-0.6119610000	0.6130659414	1	20032018	75637
0.9500190430	0.0600000000	70.0000000000	0.0985970000	0.0049370000	-0.6032060000	0.6112309063	2	20032018	75637
0.9500190430	0.0900000000	340.0000000000	0.1216710000	0.0139630000	-0.5949590000	0.6074331315	3	20032018	75637
0.9500190430	0.1200000000	250.0000000000	0.1449770000	-0.0037340000	-0.5819710000	0.5997687205	4	20032018	75637
0.9500190430	0.1500000000	70.0000000000	0.2020610000	0.0056090000	-0.5429910000	0.5793956633	5	20032018	75637
1.0000333250	0.0000000000	0.0000000000	0.0056184592	0.0232899283	-0.7709800000	0.7713521558	0	20032018	75639
1.0000333250	0.0300000000	340.0000000000	0.0402670000	0.0206760000	-0.7672890000	0.7686230141	1	20032018	75639
1.0000333250	0.0600000000	70.0000000000	0.1226760000	0.0063080000	-0.7561370000	0.7660498382	2	20032018	75639
1.0000333250	0.0900000000	340.0000000000	0.1515490000	0.0172640000	-0.7448580000	0.7603147935	3	20032018	75639
1.0000333250	0.1200000000	250.0000000000	0.1825920000	-0.0051370000	-0.7275680000	0.7501476000	4	20032018	75639
1.0000333250	0.1500000000	70.0000000000	0.2575120000	0.0075550000	-0.6719120000	0.7196077014	5	20032018	75639
1.0500223390	0.0000000000	0.0000000000	0.0065148688	0.0288549500	-0.9642020000	0.9646556632	0	20032018	75641
1.0500223390	0.0300000000	340.0000000000	0.0489800000	0.0255530000	-0.9600320000	0.9616202147	1	20032018	75641
1.0500223390	0.0600000000	70.0000000000	0.1521180000	0.0079490000	-0.9485720000	0.9607246805	2	20032018	75641
1.0500223390	0.0900000000	340.0000000000	0.1887680000	0.0216500000	-0.9352950000	0.9543997157	3	20032018	75641
1.0500223390	0.1200000000	250.0000000000	0.2305560000	-0.0068550000	-0.9160110000	0.9446053209	4	20032018	75641
1.0500223390	0.1500000000	70.0000000000	0.3357990000	0.0100290000	-0.8458150000	0.9100904150	5	20032018	75641
1.1000256350	0.0000000000	0.0000000000	0.0076036254	0.0339455757	-1.1959620000	1.1964678110	0	20032018	75643
1.1000256350	0.0300000000	340.0000000000	0.0569250000	0.0299360000	-1.1923410000	1.1940744030	1	20032018	75643
1.1000256350	0.0600000000	70.0000000000	0.1801140000	0.0094610000	-1.1858470000	1.1994847523	2	20032018	75643
1.1000256350	0.0900000000	340.0000000000	0.2256990000	0.0258240000	-1.1739620000	1.1957398108	3	20032018	75643
1.1000256350	0.1200000000	250.0000000000	0.2801930000	-0.0085840000	-1.1589260000	1.1923469612	4	20032018	75643
1.1000256350	0.1500000000	70.0000000000	0.4296790000	0.0128710000	-1.0900140000	1.1717167857	5	20032018	75643
1.1500098880	0.0000000000	0.0000000000	0.0083535751	0.0368247108	-1.4543110000	1.4548011295	0	20032018	75645
1.1500098880	0.0300000000	340.0000000000	0.0599660000	0.0324360000	-1.4525440000	1.4541430766	1	20032018	75645
1.1500098880	0.0600000000	70.0000000000	0.1941640000	0.0104420000	-1.4588030000	1.4717047554	2	20032018	75645
1.1500098880	0.0900000000	340.0000000000	0.2458300000	0.0286250000	-1.4538430000	1.4747580304	3	20032018	75645
1.1500098880	0.1200000000	250.0000000000	0.3090270000	-0.0101890000	-1.4537920000	1.4863084073	4	20032018	75645
1.1500098880	0.1500000000	70.0000000000	0.5076150000	0.0150110000	-1.4245500000	1.5123627279	5	20032018	75645
1.2000114750	0.0000000000	0.0000000000	0.0087928058	0.0353942157	-1.7109010000	1.7112896586	0	20032018	75647
1.2000114750	0.0300000000	340.0000000000	0.0543300000	0.0308720000	-1.7120310000	1.7131710289	1	20032018	75647
1.2000114750	0.0600000000	70.0000000000	0.1795020000	0.0101080000	-1.7361130000	1.7453972294	2	20032018	75647
1.2000114750	0.0900000000	340.0000000000	0.2291230000	0.0277020000	-1.7423210000	1.7575401039	3	20032018	75647
1.2000114750	0.1200000000	250.0000000000	0.2860110000	-0.0107490000	-1.7664220000	1.7894592801	4	20032018	75647
1.2000114750	0.1500000000	70.0000000000	0.4940440000	0.0137260000	-1.8292210000	1.8948132741	5	20032018	75647
1.2500195310	0.0000000000	0.0000000000	0.0086452587	0.0293108052	-1.9272510000	1.9274932635	0	20032018	75650
1.2500195310	0.0300000000	340.0000000000	0.0397740000	0.0251000000	-1.9307270000	1.9312997514	1	20032018	75650
1.2500195310	0.0600000000	70.0000000000	0.1337730000	0.0084480000	-1.9678290000	1.9723887947	2	20032018	75650
1.2500195310	0.0900000000	340.0000000000	0.1704570000	0.0223260000	-1.9825820000	1.9900214637	3	20032018	75650
1.2500195310	0.1200000000	250.0000000000	0.2006620000	-0.0099180000	-2.0246490000	2.0345926320	4	20032018	75650
1.2500195310	0.1500000000	70.0000000000	0.3283660000	0.0071760000	-2.1688840000	2.1936119826	5	20032018	75650
1.3000101320	0.0000000000	0.0000000000	0.0078791527	0.0211858331	-2.0755670000	2.0756900761	0	20032018	75652
1.3000101320	0.0300000000	340.0000000000	0.0213200000	0.0172820000	-2.0794010000	2.0795821043	1	20032018	75652
1.3000101320	0.0600000000	70.0000000000	0.0755600000	0.0064160000	-2.1167120000	2.1180699161	2	20032018	75652
1.3000101320	0.0900000000	340.0000000000	0.0951590000	0.0147820000	-2.1304450000	2.1326203696	3	20032018	75652
1.3000101320	0.1200000000	250.0000000000	0.0934790000	-0.0085090000	-2.1692730000	2.1713028520	4	20032018	75652
1.3000101320	0.1500000000	70.0000000000	0.1125280000	-0.0003730000	-2.2976890000	2.3004428771	5	20032018	75652
1.3500196530	0.0000000000	0.0000000000	0.0071627327	0.0140920561	-2.1541610000	2.1542190011	0	20032018	75654
1.3500196530	0.0300000000	340.0000000000	0.0060880000	0.0105580000	-2.1567430000	2.1567774348	1	20032018	75654
1.3500196530	0.0600000000	70.0000000000	0.0293950000	0.0046020000	-2.1846680000	2.1848705945	2	20032018	75654
1.3500196530	0.0900000000	340.0000000000	0.0374160000	0.0085950000	-2.1907280000	2.1910643535	3	20032018	75654
1.3500196530	0.1200000000	250.0000000000	0.0178490000	-0.0072290000	-2.2129290000	2.2130127890	4	20032018	75654
1.3500196530	0.1500000000	70.0000000000	-0.0030650000	-0.0040840000	-2.2711540000	2.2711597401	5	20032018	75654
1.4000166020	0.0000000000	0.0000000000	0.0064487475	0.0094609644	-2.1829590000	2.1829890270	0	20032018	75656
1.4000166020	0.0300000000	340.0000000000	-0.0032210000	0.0062010000	-2.1839620000	2.1839731786	1	20032018	75656
1.4000166020	0.0600000000	70.0000000000	0.0036010000	0.0037510000	-2.2021170000	2.2021231389	2	20032018	75656
1.4000166020	0.0900000000	340.0000000000	0.0070190000	0.0050090000	-2.2009990000	2.2010158915	3	20032018	75656
1.4000166020	0.1200000000	250.0000000000	-0.0165810000	-0.0066300000	-2.2100620000	2.2101341431	4	20032018	75656
1.4000166020	0.1500000000	70.0000000000	-0.0321230000	-0.0044780000	-2.2279210000	2.2281570685	5	20032018	75656
1.4500119630	0.0000000000	0.0000000000	0.0058867015	0.0072647474	-2.1850590000	2.1850790062	0	20032018	75658
1.4500119630	0.0300000000	340.0000000000	-0.0076860000	0.0040760000	-2.1848770000	2.1848943209	1	20032018	75658
1.4500119630	0.0600000000	70.0000000000	-0.0072990000	0.0035430000	-2.1971840000	2.1971989801	2	20032018	75658
1.4500119630	0.0900000000	340.0000000000	-0.0049850000	0.0033490000	-2.1919450000	2.1919532269	3	20032018	75658
1.4500119630	0.1200000000	250.0000000000	-0.0280850000	-0.0065960000	-2.1945790000	2.1947686123	4	20032018	75658
1.4500119630	0.1500000000	70.0000000000	-0.0375730000	-0.0040570000	-2.1982830000	2.1986078181	5	20032018	75658
1.5000230710	0.0000000000	0.0000000000	0.0055405114	0.0063808456	-2.1762100000	2.1762264075	0	20032018	75700
1.5000230710	0.0300000000	340.0000000000	-0.0092970000	0.0032790000	-2.1754700000	2.1754923367	1	20032018	75700
1.5000230710	0.0600000000	70.0000000000	-0.0104240000	0.0036030000	-2.1849880000	2.1850158355	2	20032018	75700
1.5000230710	0.0900000000	340.0000000000	-0.0084320000	0.0027720000	-2.1777020000	2.1777200884	3	20032018	75700
1.5000230710	0.1200000000	250.0000000000	-0.0300090000	-0.0066350000	-2.1777550000	2.1779718555	4	20032018	75700
1.5000230710	0.1500000000	70.0000000000	-0.0358030000	-0.0036880000	-2.1758850000	2.1761826645	5	20032018	75700
1.5500231930	0.0000000000	0.0000000000	0.0053099517	0.0061976538	-2.1644740000	2.1644893862	0	20032018	75702
1.5500231930	0.0300000000	340.0000000000	-0.0095010000	0.0029540000	-2.1633480000	2.1633708800	1	20032018	75702
1.5500231930	0.0600000000	70.0000000000	-0.0105170000	0.0037290000	-2.1718840000	2.1719126645	2	20032018	75702
1.5500231930	0.0900000000	340.0000000000	-0.0082240000	0.0025150000	-2.1637580000	2.1637750904	3	20032018	75702
1.5500231930	0.1200000000	250.0000000000	-0.0282870000	-0.0067230000	-2.1630840000	2.1632793958	4	20032018	75702
1.5500231930	0.1500000000	70.0000000000	-0.0312960000	-0.0034180000	-2.1594450000	2.1596744732	5	20032018	75702
1.6000217290	0.0000000000	0.0000000000	0.0051077865	0.0064053223	-2.1532440000	2.1532595852	0	20032018	75704
1.6000217290	0.0300000000	340.0000000000	-0.0094910000	0.0031040000	-2.1519930000	2.1520161677	1	20032018	75704
1.6000217290	0.0600000000	70.0000000000	-0.0092020000	0.0039370000	-2.1601410000	2.1601641874	2	20032018	75704
1.6000217290	0.0900000000	340.0000000000	-0.0067520000	0.0026650000	-2.1518260000	2.1518382435	3	20032018	75704
1.6000217290	0.1200000000	250.0000000000	-0.0258140000	-0.0068730000	-2.1511350000	2.1513008597	4	20032018	75704
1.6000217290	0.1500000000	70.0000000000	-0.0268740000	-0.0031500000	-2.1474860000	2.1476564564	5	20032018	75704
1.6500375980	0.0000000000	0.0000000000	0.0050438045	0.0064371233	-2.1435910000	2.1436065991	0	20032018	75706
1.6500375980	0.0300000000	340.0000000000	-0.0089230000	0.0030640000	-2.1423280000	2.1423487736	1	20032018	75706
1.6500375980	0.0600000000	70.0000000000	-0.0079620000	0.0039700000	-2.1505660000	2.1505844031	2	20032018	75706
1.6500375980	0.0900000000	340.0000000000	-0.0049460000	0.0025720000	-2.1421800000	2.1421872538	3	20032018	75706
1.6500375980	0.1200000000	250.0000000000	-0.0231370000	-0.0067920000	-2.1416080000	2.1417437470	4	20032018	75706
1.6500375980	0.1500000000	70.0000000000	-0.0236070000	-0.0030430000	-2.1383830000	2.1385154676	5	20032018	75706
1.7000123290	0.0000000000	0.0000000000	0.0050005337	0.0065901515	-2.1359190000	2.1359350201	0	20032018	75708
1.7000123290	0.0300000000	340.0000000000	-0.0084910000	0.0032910000	-2.1346460000	2.1346654242	1	20032018	75708
1.7000123290	0.0600000000	70.0000000000	-0.0066270000	0.0040380000	-2.1429280000	2.1429420514	2	20032018	75708
1.7000123290	0.0900000000	340.0000000000	-0.0033000000	0.0026980000	-2.1345750000	2.1345792559	3	20032018	75708
1.7000123290	0.1200000000	250.0000000000	-0.0209670000	-0.0067710000	-2.1341490000	2.1342627335	4	20032018	75708
1.7000123290	0.1500000000	70.0000000000	-0.0204770000	-0.0028240000	-2.1311010000	2.1312012469	5	20032018	75708
1.7500156250	0.0000000000	0.0000000000	0.0049633674	0.0065845237	-2.1300250000	2.1300409601	0	20032018	75711
1.7500156250	0.0300000000	340.0000000000	-0.0080720000	0.0032060000	-2.1288270000	2.1288447176	1	20032018	75711
1.7500156250	0.0600000000	70.0000000000	-0.0055720000	0.0041050000	-2.1372450000	2.1372562056	2	20032018	75711
1.7500156250	0.0900000000	340.0000000000	-0.0018040000	0.0025980000	-2.1288470000	2.1288493496	3	20032018	75711
1.7500156250	0.1200000000	250.0000000000	-0.0187510000	-0.0066970000	-2.1284960000	2.1285891271	4	20032018	75711
1.7500156250	0.1500000000	70.0000000000	-0.0175800000	-0.0025660000	-2.1256470000	2.1257212445	5	20032018	75711
1.8000219730	0.0000000000	0.0000000000	0.0050099859	0.0064845501	-2.1257900000	2.1258057939	0	20032018	75713
1.8000219730	0.0300000000	340.0000000000	-0.0076570000	0.0031030000	-2.1245550000	2.1245710641	1	20032018	75713
1.8000219730	0.0600000000	70.0000000000	-0.0047850000	0.0041460000	-2.1331370000	2.1331463959	2	20032018	75713
1.8000219730	0.0900000000	340.0000000000	-0.0005120000	0.0023860000	-2.1247060000	2.1247074014	3	20032018	75713
1.8000219730	0.1200000000	250.0000000000	-0.0168500000	-0.0065800000	-2.1245750000	2.1246520067	4	20032018	75713
1.8000219730	0.1500000000	70.0000000000	-0.0153540000	-0.0023750000	-2.1222940000	2.1223508683	5	20032018	75713
1.8500189210	0.0000000000	0.0000000000	0.0049364412	0.0062474021	-2.1228640000	2.1228789322	0	20032018	75715
1.8500189210	0.0300000000	340.0000000000	-0.0072160000	0.0028550000	-2.1216590000	2.1216731921	1	20032018	75715
1.8500189210	0.0600000000	70.0000000000	-0.0042450000	0.0041400000	-2.1302680000	2.1302762524	2	20032018	75715
1.8500189210	0.0900000000	340.0000000000	0.0006260000	0.0020380000	-2.1220070000	2.1220080710	3	20032018	75715
1.8500189210	0.1200000000	250.0000000000	-0.0150390000	-0.0064070000	-2.1219610000	2.1220239647	4	20032018	75715
1.8500189210	0.1500000000	70.0000000000	-0.0140560000	-0.0021750000	-2.1201860000	2.1202337080	5	20032018	75715
1.9000190430	0.0000000000	0.0000000000	0.0050407021	0.0063467332	-2.1211390000	2.1211544845	0	20032018	75717
1.9000190430	0.0300000000	340.0000000000	-0.0069520000	0.0029490000	-2.1199340000	2.1199474501	1	20032018	75717
1.9000190430	0.0600000000	70.0000000000	-0.0035850000	0.0041080000	-2.1285360000	2.1285429832	2	20032018	75717
1.9000190430	0.0900000000	340.0000000000	0.0015790000	0.0020750000	-2.1202960000	2.1202976033	3	20032018	75717
1.9000190430	0.1200000000	250.0000000000	-0.0139010000	-0.0062980000	-2.1203820000	2.1204369193	4	20032018	75717
1.9000190430	0.1500000000	70.0000000000	-0.0126470000	-0.0022530000	-2.1185880000	2.1186269460	5	20032018	75717
1.9500380860	0.0000000000	0.0000000000	0.0052407289	0.0061302654	-2.1203660000	2.1203813382	0	20032018	75719
1.9500380860	0.0300000000	340.0000000000	-0.0064340000	0.0029370000	-2.1191730000	2.1191848023	1	20032018	75719
1.9500380860	0.0600000000	70.0000000000	-0.0030830000	0.0039080000	-2.1278340000	2.1278398222	2	20032018	75719
1.9500380860	0.0900000000	340.0000000000	0.0026810000	0.0020660000	-2.1195440000	2.1195467025	3	20032018	75719
1.9500380860	0.1200000000	250.0000000000	-0.0126910000	-0.0060520000	-2.1198810000	2.1199276267	4	20032018	75719
1.9500380860	0.1500000000	70.0000000000	-0.0113420000	-0.0026310000	-2.1177080000	2.1177400068	5	20032018	75719
2.0000096440	0.0000000000	0.0000000000	0.0052470165	0.0063025021	-2.1204860000	2.1205018578	0	20032018	75721
2.0000096440	0.0300000000	340.0000000000	-0.0061730000	0.0029910000	-2.1192610000	2.1192721010	1	20032018	75721
2.0000096440	0.0600000000	70.0000000000	-0.0024100000	0.0038450000	-2.1278480000	2.1278528387	2	20032018	75721
2.0000096440	0.0900000000	340.0000000000	0.0034510000	0.0021310000	-2.1198680000	2.1198718801	3	20032018	75721
2.0000096440	0.1200000000	250.0000000000	-0.0117730000	-0.0059040000	-2.1201940000	2.1202349064	4	20032018	75721
2.0000096440	0.1500000000	70.0000000000	-0.0099240000	-0.0026810000	-2.1180250000	2.1180499461	5	20032018	75721
2.0500207520	0.0000000000	0.0000000000	0.0053710420	0.0064999930	-2.1212590000	2.1212757584	0	20032018	75723
2.0500207520	0.0300000000	340.0000000000	-0.0060320000	0.0031770000	-2.1200460000	2.1200569616	1	20032018	75723
2.0500207520	0.0600000000	70.0000000000	-0.0017990000	0.0038450000	-2.1286700000	2.1286742328	2	20032018	75723
2.0500207520	0.0900000000	340.0000000000	0.0039710000	0.0023710000	-2.1208180000	2.1208230430	3	20032018	75723
2.0500207520	0.1200000000	250.0000000000	-0.0112370000	-0.0059320000	-2.1212230000	2.1212610576	4	20032018	75723
2.0500207520	0.1500000000	70.0000000000	-0.0089140000	-0.0026670000	-2.1189910000	2.1190114276	5	20032018	75723
2.1000209960	0.0000000000	0.0000000000	0.0053463405	0.0064642881	-2.1227280000	2.1227445754	0	20032018	75725
2.1000209960	0.0300000000	340.0000000000	-0.0059080000	0.0032250000	-2.1215340000	2.1215446774	1	20032018	75725
2.1000209960	0.0600000000	70.0000000000	-0.0014000000	0.0038580000	-2.1300360000	2.1300399540	2	20032018	75725
2.1000209960	0.0900000000	340.0000000000	0.0043740000	0.0023240000	-2.1223600000	2.1223657796	3	20032018	75725
2.1000209960	0.1200000000	250.0000000000	-0.0104610000	-0.0058990000	-2.1227930000	2.1228269717	4	20032018	75725
2.1000209960	0.1500000000	70.0000000000	-0.0080090000	-0.0027190000	-2.1202760000	2.1202928697	5	20032018	75725
2.1500114750	0.0000000000	0.0000000000	0.0053804596	0.0065668010	-2.1248250000	2.1248419595	0	20032018	75727
2.1500114750	0.0300000000	340.0000000000	-0.0057120000	0.0032570000	-2.1236370000	2.1236471794	1	20032018	75727
2.1500114750	0.0600000000	70.0000000000	-0.0009300000	0.0038690000	-2.1321830000	2.1321867131	2	20032018	75727
2.1500114750	0.0900000000	340.0000000000	0.0049040000	0.0024000000	-2.1244510000	2.1244580157	3	20032018	75727
2.1500114750	0.1200000000	250.0000000000	-0.0098120000	-0.0059080000	-2.1246790000	2.1247098703	4	20032018	75727
2.1500114750	0.1500000000	70.0000000000	-0.0067460000	-0.0027420000	-2.1223320000	2.1223444926	5	20032018	75727
2.2000305180	0.0000000000	0.0000000000	0.0054553206	0.0066321373	-2.1275440000	2.1275613311	0	20032018	75729
2.2000305180	0.0300000000	340.0000000000	-0.0055400000	0.0033520000	-2.1264150000	2.1264248587	1	20032018	75729
2.2000305180	0.0600000000	70.0000000000	-0.0002750000	0.0038190000	-2.1349020000	2.1349054335	2	20032018	75729
2.2000305180	0.0900000000	340.0000000000	0.0054870000	0.0024570000	-2.1270970000	2.1271054961	3	20032018	75729
2.2000305180	0.1200000000	250.0000000000	-0.0090200000	-0.0058890000	-2.1271170000	2.1271442764	4	20032018	75729
2.2000305180	0.1500000000	70.0000000000	-0.0055280000	-0.0027020000	-2.1249230000	2.1249319084	5	20032018	75729
2.2500100100	0.0000000000	0.0000000000	0.0055049827	0.0067130303	-2.1312750000	2.1312926817	0	20032018	75732
2.2500100100	0.0300000000	340.0000000000	-0.0051670000	0.0033750000	-2.1301090000	2.1301179405	1	20032018	75732
2.2500100100	0.0600000000	70.0000000000	0.0003440000	0.0038270000	-2.1385590000	2.1385624519	2	20032018	75732
2.2500100100	0.0900000000	340.0000000000	0.0064140000	0.0024340000	-2.1305990000	2.1306100447	3	20032018	75732
2.2500100100	0.1200000000	250.0000000000	-0.0078390000	-0.0057740000	-2.1304100000	2.1304322465	4	20032018	75732
2.2500100100	0.1500000000	70.0000000000	-0.0042480000	-0.0027020000	-2.1281450000	2.1281509550	5	20032018	75732
2.3000197750	0.0000000000	0.0000000000	0.0054534896	0.0067966871	-2.1361490000	2.1361667739	0	20032018	75734
2.3000197750	0.0300000000	340.0000000000	-0.0049970000	0.0034240000	-2.1348830000	2.1348915938	1	20032018	75734
2.3000197750	0.0600000000	70.0000000000	0.0010860000	0.0039480000	-2.1432930000	2.1432969113	2	20032018	75734
2.3000197750	0.0900000000	340.0000000000	0.0074600000	0.0023890000	-2.1351600000	2.1351743686	3	20032018	75734
2.3000197750	0.1200000000	250.0000000000	-0.0062440000	-0.0058560000	-2.1346770000	2.1346941642	4	20032018	75734
2.3000197750	0.1500000000	70.0000000000	-0.0024170000	-0.0025270000	-2.1321530000	2.1321558674	5	20032018	75734
2.3500261230	0.0000000000	0.0000000000	0.0052660520	0.0068255342	-2.1426290000	2.1426463429	0	20032018	75736
2.3500261230	0.0300000000	340.0000000000	-0.0047260000	0.0033460000	-2.1412410000	2.1412488297	1	20032018	75736
2.3500261230	0.0600000000	70.0000000000	0.0021940000	0.0041850000	-2.1495130000	2.1495181937	2	20032018	75736
2.3500261230	0.0900000000	340.0000000000	0.0089240000	0.0023260000	-2.1412640000	2.1412838592	3	20032018	75736
2.3500261230	0.1200000000	250.0000000000	-0.0038570000	-0.0060640000	-2.1404370000	2.1404490649	4	20032018	75736
2.3500261230	0.1500000000	70.0000000000	0.0001000000	-0.0022400000	-2.1373360000	2.1373371761	5	20032018	75736
2.4000166020	0.0000000000	0.0000000000	0.0051557487	0.0068060874	-2.1511630000	2.1511799453	0	20032018	75738
2.4000166020	0.0300000000	340.0000000000	-0.0041870000	0.0032170000	-2.1498360000	2.1498424842	1	20032018	75738
2.4000166020	0.0600000000	70.0000000000	0.0034740000	0.0043890000	-2.1579520000	2.1579592596	2	20032018	75738
2.4000166020	0.0900000000	340.0000000000	0.0109390000	0.0021340000	-2.1494950000	2.1495238940	3	20032018	75738
2.4000166020	0.1200000000	250.0000000000	-0.0009190000	-0.0061710000	-2.1485650000	2.1485740585	4	20032018	75738
2.4000166020	0.1500000000	70.0000000000	0.0035700000	-0.0019570000	-2.1446140000	2.1446178643	5	20032018	75738
2.4500390630	0.0000000000	0.0000000000	0.0049537216	0.0071924875	-2.1621070000	2.1621246381	0	20032018	75740
2.4500390630	0.0300000000	340.0000000000	-0.0038380000	0.0034320000	-2.1607820000	2.1607881341	1	20032018	75740
2.4500390630	0.0600000000	70.0000000000	0.0053920000	0.0047610000	-2.1686510000	2.1686629292	2	20032018	75740
2.4500390630	0.0900000000	340.0000000000	0.0131770000	0.0023220000	-2.1602770000	2.1603184353	3	20032018	75740
2.4500390630	0.1200000000	250.0000000000	0.0021390000	-0.0064600000	-2.1592320000	2.1592427230	4	20032018	75740
2.4500390630	0.1500000000	70.0000000000	0.0084520000	-0.0013960000	-2.1546610000	2.1546780293	5	20032018	75740
2.5000231930	0.0000000000	0.0000000000	0.0047513386	0.0075311291	-2.1755210000	2.1755392239	0	20032018	75742
2.5000231930	0.0300000000	340.0000000000	-0.0035940000	0.0036000000	-2.1742090000	2.1742149509	1	20032018	75742
2.5000231930	0.0600000000	70.0000000000	0.0069900000	0.0053130000	-2.1824690000	2.1824866607	2	20032018	75742
2.5000231930	0.0900000000	340.0000000000	0.0151900000	0.0024930000	-2.1743760000	2.1744304865	3	20032018	75742
2.5000231930	0.1200000000	250.0000000000	0.0053540000	-0.0068640000	-2.1735570000	2.1735744321	4	20032018	75742
2.5000231930	0.1500000000	70.0000000000	0.0139340000	-0.0008400000	-2.1690770000	2.1691219177	5	20032018	75742
2.5500185550	0.0000000000	0.0000000000	0.0046063668	0.0078637733	-2.1901630000	2.1901819614	0	20032018	75744
2.5500185550	0.0300000000	340.0000000000	-0.0038500000	0.0038900000	-2.1891670000	2.1891738415	1	20032018	75744
2.5500185550	0.0600000000	70.0000000000	0.0077910000	0.0055790000	-2.1984640000	2.1984848838	2	20032018	75744
2.5500185550	0.0900000000	340.0000000000	0.0162200000	0.0028180000	-2.1912110000	2.1912728438	3	20032018	75744
2.5500185550	0.1200000000	250.0000000000	0.0071170000	-0.0072020000	-2.1912650000	2.1912883929	4	20032018	75744
2.5500185550	0.1500000000	70.0000000000	0.0194320000	-0.0003670000	-2.1883560000	2.1884423045	5	20032018	75744
2.6000266110	0.0000000000	0.0000000000	0.0044009093	0.0076267496	-2.2025730000	2.2025906010	0	20032018	75746
2.6000266110	0.0300000000	340.0000000000	-0.0054240000	0.0036330000	-2.2021430000	2.2021526766	1	20032018	75746
2.6000266110	0.0600000000	70.0000000000	0.0052840000	0.0058190000	-2.2143980000	2.2144119499	2	20032018	75746
2.6000266110	0.0900000000	340.0000000000	0.0134000000	0.0028170000	-2.2090100000	2.2090524384	3	20032018	75746
2.6000266110	0.1200000000	250.0000000000	0.0049170000	-0.0074840000	-2.2120920000	2.2121101247	4	20032018	75746
2.6000266110	0.1500000000	70.0000000000	0.0232420000	0.0000130000	-2.2137720000	2.2138940035	5	20032018	75746
2.6500283200	0.0000000000	0.0000000000	0.0040033751	0.0055930684	-2.2041340000	2.2041447319	0	20032018	75748
2.6500283200	0.0300000000	340.0000000000	-0.0097980000	0.0017560000	-2.2050120000	2.2050344679	1	20032018	75748
2.6500283200	0.0600000000	70.0000000000	-0.0057570000	0.0055650000	-2.2232720000	2.2232864184	2	20032018	75748
2.6500283200	0.0900000000	340.0000000000	0.0007820000	0.0013630000	-2.2221090000	2.2221095556	3	20032018	75748
2.6500283200	0.1200000000	250.0000000000	-0.0080780000	-0.0075430000	-2.2322160000	2.2322433607	4	20032018	75748
2.6500283200	0.1500000000	70.0000000000	0.0210510000	0.0001610000	-2.2518210000	2.2519194005	5	20032018	75748
2.7000109860	0.0000000000	0.0000000000	0.0032354334	0.0016733308	-2.1801820000	2.1801850429	0	20032018	75750
2.7000109860	0.0300000000	340.0000000000	-0.0186480000	-0.0019630000	-2.1825420000	2.1826225471	1	20032018	75750
2.7000109860	0.0600000000	70.0000000000	-0.0309660000	0.0046810000	-2.2086290000	2.2088510281	2	20032018	75750
2.7000109860	0.0900000000	340.0000000000	-0.0309800000	-0.0018930000	-2.2133140000	2.2135316141	3	20032018	75750
2.7000109860	0.1200000000	250.0000000000	-0.0477140000	-0.0070490000	-2.2357010000	2.2362212045	4	20032018	75750
2.7000109860	0.1500000000	70.0000000000	-0.0237810000	-0.0012020000	-2.3079740000	2.3080968276	5	20032018	75750
2.7500283200	0.0000000000	0.0000000000	0.0022716803	-0.0039597634	-2.1140840000	2.1140889289	0	20032018	75753
2.7500283200	0.0300000000	340.0000000000	-0.0306240000	-0.0072060000	-2.1167130000	2.1169467826	1	20032018	75753
2.7500283200	0.0600000000	70.0000000000	-0.0688870000	0.0030890000	-2.1454610000	2.1465688583	2	20032018	75753
2.7500283200	0.0900000000	340.0000000000	-0.0817480000	-0.0070770000	-2.1519480000	2.1535117864	3	20032018	75753
2.7500283200	0.1200000000	250.0000000000	-0.1188160000	-0.0055120000	-2.1809680000	2.1842090195	4	20032018	75753
2.7500283200	0.1500000000	70.0000000000	-0.1690380000	-0.0057260000	-2.2964010000	2.3026211554	5	20032018	75753
2.8000173340	0.0000000000	0.0000000000	0.0013785523	-0.0085362942	-2.0030100000	2.0030286640	0	20032018	75755
2.8000173340	0.0300000000	340.0000000000	-0.0401490000	-0.0114290000	-2.0039410000	2.0043757372	1	20032018	75755
2.8000173340	0.0600000000	70.0000000000	-0.1005530000	0.0015100000	-2.0231330000	2.0256308453	2	20032018	75755
2.8000173340	0.0900000000	340.0000000000	-0.1256380000	-0.0118400000	-2.0217050000	2.0256397013	3	20032018	75755
2.8000173340	0.1200000000	250.0000000000	-0.1830460000	-0.0037730000	-2.0376980000	2.0459064526	4	20032018	75755
2.8000173340	0.1500000000	70.0000000000	-0.3229830000	-0.0101520000	-2.1019930000	2.1266865433	5	20032018	75755
2.8500175780	0.0000000000	0.0000000000	0.0009714238	-0.0092075284	-1.8697670000	1.8697899231	0	20032018	75757
2.8500175780	0.0300000000	340.0000000000	-0.0406240000	-0.0119490000	-1.8675790000	1.8680589951	1	20032018	75757
2.8500175780	0.0600000000	70.0000000000	-0.1031110000	0.0011490000	-1.8686820000	1.8715249439	2	20032018	75757
2.8500175780	0.0900000000	340.0000000000	-0.1299920000	-0.0126030000	-1.8538910000	1.8584855651	3	20032018	75757
2.8500175780	0.1200000000	250.0000000000	-0.1884130000	-0.0028890000	-1.8433430000	1.8529493303	4	20032018	75757
2.8500175780	0.1500000000	70.0000000000	-0.3363510000	-0.0099820000	-1.7999220000	1.8311064528	5	20032018	75757
2.9000222170	0.0000000000	0.0000000000	0.0010097944	-0.0048275041	-1.7554050000	1.7554119284	0	20032018	75759
2.9000222170	0.0300000000	340.0000000000	-0.0308520000	-0.0078730000	-1.7505110000	1.7508005572	1	20032018	75759
2.9000222170	0.0600000000	70.0000000000	-0.0714150000	0.0024380000	-1.7365010000	1.7379705892	2	20032018	75759
2.9000222170	0.0900000000	340.0000000000	-0.0886870000	-0.0085860000	-1.7115060000	1.7138237632	3	20032018	75759
2.9000222170	0.1200000000	250.0000000000	-0.1280300000	-0.0036630000	-1.6800990000	1.6849741091	4	20032018	75759
2.9000222170	0.1500000000	70.0000000000	-0.2120660000	-0.0052730000	-1.5650490000	1.5793600493	5	20032018	75759
2.9500080570	0.0000000000	0.0000000000	0.0012857405	0.0020881837	-1.6936140000	1.6936157754	0	20032018	75801
2.9500080570	0.0300000000	340.0000000000	-0.0157000000	-0.0014750000	-1.6880250000	1.6880986542	1	20032018	75801
2.9500080570	0.0600000000	70.0000000000	-0.0216630000	0.0048330000	-1.6701070000	1.6702544821	2	20032018	75801
2.9500080570	0.0900000000	340.0000000000	-0.0233570000	-0.0022060000	-1.6436350000	1.6438024301	3	20032018	75801
2.9500080570	0.1200000000	250.0000000000	-0.0346160000	-0.0056380000	-1.6069490000	1.6073316842	4	20032018	75801
2.9500080570	0.1500000000	70.0000000000	-0.0356480000	0.0010860000	-1.4764680000	1.4768986811	5	20032018	75801
3.0000178220	0.0000000000	0.0000000000	0.0016003318	0.0082299830	-1.6926680000	1.6926887640	0	20032018	75803
3.0000178220	0.0300000000	340.0000000000	-0.0026150000	0.0040240000	-1.6886970000	1.6887038191	1	20032018	75803
3.0000178220	0.0600000000	70.0000000000	0.0220390000	0.0072030000	-1.6805190000	1.6806789432	2	20032018	75803
3.0000178220	0.0900000000	340.0000000000	0.0341790000	0.0034100000	-1.6616310000	1.6619859844	3	20032018	75803
3.0000178220	0.1200000000	250.0000000000	0.0482790000	-0.0077650000	-1.6374100000	1.6381400017	4	20032018	75803
3.0000178220	0.1500000000	70.0000000000	0.1272790000	0.0070420000	-1.5465460000	1.5517905992	5	20032018	75803
3.0500097660	0.0000000000	0.0000000000	0.0015817931	0.0096818839	-1.7290700000	1.7290978300	0	20032018	75805
3.0500097660	0.0300000000	340.0000000000	0.0011760000	0.0053810000	-1.7284950000	1.7285037759	1	20032018	75805
3.0500097660	0.0600000000	70.0000000000	0.0353650000	0.0080910000	-1.7405030000	1.7408810529	2	20032018	75805
3.0500097660	0.0900000000	340.0000000000	0.0529970000	0.0048650000	-1.7358130000	1.7366286653	3	20032018	75805
3.0500097660	0.1200000000	250.0000000000	0.0775650000	-0.0088760000	-1.7395210000	1.7412720701	4	20032018	75805
3.0500097660	0.1500000000	70.0000000000	0.1959860000	0.0096650000	-1.7475910000	1.7585727815	5	20032018	75805
3.1000100100	0.0000000000	0.0000000000	0.0013251927	0.0055004767	-1.7563330000	1.7563421131	0	20032018	75807
3.1000100100	0.0300000000	340.0000000000	-0.0075840000	0.0014520000	-1.7593330000	1.7593499454	1	20032018	75807
3.1000100100	0.0600000000	70.0000000000	0.0075990000	0.0068560000	-1.7920310000	1.7920602262	2	20032018	75807
3.1000100100	0.0900000000	340.0000000000	0.0172660000	0.0011200000	-1.8015510000	1.8016340846	3	20032018	75807
3.1000100100	0.1200000000	250.0000000000	0.0279330000	-0.0081290000	-1.8355280000	1.8357585277	4	20032018	75807
3.1000100100	0.1500000000	70.0000000000	0.1015530000	0.0062400000	-1.9508120000	1.9534634393	5	20032018	75807
3.1500258790	0.0000000000	0.0000000000	0.0009940610	-0.0034234481	-1.7259990000	1.7260026814	0	20032018	75809
3.1500258790	0.0300000000	340.0000000000	-0.0256900000	-0.0065630000	-1.7310200000	1.7312230617	1	20032018	75809
3.1500258790	0.0600000000	70.0000000000	-0.0519300000	0.0035310000	-1.7746220000	1.7753851514	2	20032018	75809
3.1500258790	0.0900000000	340.0000000000	-0.0599950000	-0.0065920000	-1.7908040000	1.7918208116	3	20032018	75809
3.1500258790	0.1200000000	250.0000000000	-0.0815350000	-0.0054170000	-1.8407390000	1.8425518626	4	20032018	75809
3.1500258790	0.1500000000	70.0000000000	-0.1062420000	-0.0016850000	-2.0044890000	2.0073032538	5	20032018	75809
3.2000085450	0.0000000000	0.0000000000	0.0006177761	-0.0136526472	-1.6126140000	1.6126719100	0	20032018	75811
3.2000085450	0.0300000000	340.0000000000	-0.0455260000	-0.0154290000	-1.6171640000	1.6178782629	1	20032018	75811
3.2000085450	0.0600000000	70.0000000000	-0.1179490000	-0.0007600000	-1.6570000000	1.6611928077	2	20032018	75811
3.2000085450	0.0900000000	340.0000000000	-0.1453140000	-0.0152820000	-1.6696850000	1.6760661375	3	20032018	75811
3.2000085450	0.1200000000	250.0000000000	-0.2013380000	-0.0017190000	-1.7145860000	1.7263676018	4	20032018	75811
3.2000085450	0.1500000000	70.0000000000	-0.3295470000	-0.0102330000	-1.8566610000	1.8857083572	5	20032018	75811
3.2500244140	0.0000000000	0.0000000000	0.0006157574	-0.0210788092	-1.4232920000	1.4234482121	0	20032018	75814
3.2500244140	0.0300000000	340.0000000000	-0.0591640000	-0.0216720000	-1.4256070000	1.4269987291	1	20032018	75814
3.2500244140	0.0600000000	70.0000000000	-0.1638610000	-0.0041560000	-1.4495260000	1.4587643142	2	20032018	75814
3.2500244140	0.0900000000	340.0000000000	-0.2041980000	-0.0210320000	-1.4515750000	1.4660181271	3	20032018	75814
3.2500244140	0.1200000000	250.0000000000	-0.2815210000	0.0016500000	-1.4738240000	1.5004712523	4	20032018	75814
3.2500244140	0.1500000000	70.0000000000	-0.4732140000	-0.0157710000	-1.5327000000	1.6041662957	5	20032018	75814
3.3000402830	0.0000000000	0.0000000000	0.0006237699	-0.0240390755	-1.1926660000	1.1929084013	0	20032018	75816
3.3000402830	0.0300000000	340.0000000000	-0.0627450000	-0.0237440000	-1.1922120000	1.1940980552	1	20032018	75816
3.3000402830	0.0600000000	70.0000000000	-0.1765070000	-0.0058330000	-1.1976750000	1.2106255204	2	20032018	75816
3.3000402830	0.0900000000	340.0000000000	-0.2188080000	-0.0224750000	-1.1885170000	1.2086996011	3	20032018	75816
3.3000402830	0.1200000000	250.0000000000	-0.2962570000	0.0036340000	-1.1855370000	1.2219981155	4	20032018	75816
3.3000402830	0.1500000000	70.0000000000	-0.4744960000	-0.0160400000	-1.1558100000	1.2495201046	5	20032018	75816
3.3500136720	0.0000000000	0.0000000000	0.0006611326	-0.0227873671	-0.9610400000	0.9613103468	0	20032018	75818
3.3500136720	0.0300000000	340.0000000000	-0.0575340000	-0.0220560000	-0.9588040000	0.9607818372	1	20032018	75818
3.3500136720	0.0600000000	70.0000000000	-0.1612130000	-0.0057950000	-0.9515580000	0.9651351412	2	20032018	75818
3.3500136720	0.0900000000	340.0000000000	-0.1976890000	-0.0203170000	-0.9364340000	0.9572890669	3	20032018	75818
3.3500136720	0.1200000000	250.0000000000	-0.2615910000	0.0039030000	-0.9188730000	0.9553913726	4	20032018	75818
3.3500136720	0.1500000000	70.0000000000	-0.3901420000	-0.0132160000	-0.8515710000	0.9367809834	5	20032018	75818
3.4000405270	0.0000000000	0.0000000000	0.0006253576	-0.0192338266	-0.7566810000	0.7569256680	0	20032018	75820
3.4000405270	0.0300000000	340.0000000000	-0.0479130000	-0.0185020000	-0.7538400000	0.7555876688	1	20032018	75820
3.4000405270	0.0600000000	70.0000000000	-0.1328270000	-0.0048500000	-0.7415760000	0.7533933224	2	20032018	75820
3.4000405270	0.0900000000	340.0000000000	-0.1613880000	-0.0165730000	-0.7260820000	0.7439864391	3	20032018	75820
3.4000405270	0.1200000000	250.0000000000	-0.2093980000	0.0035650000	-0.7050090000	0.7354576274	4	20032018	75820
3.4000405270	0.1500000000	70.0000000000	-0.2961520000	-0.0099070000	-0.6378960000	0.7033601230	5	20032018	75820
3.4500312500	0.0000000000	0.0000000000	0.0006632998	-0.0151473595	-0.5909470000	0.5911414715	0	20032018	75822
3.4500312500	0.0300000000	340.0000000000	-0.0376700000	-0.0145930000	-0.5882160000	0.5896016004	1	20032018	75822
3.4500312500	0.0600000000	70.0000000000	-0.1033280000	-0.0037430000	-0.5761710000	0.5853748430	2	20032018	75822
3.4500312500	0.0900000000	340.0000000000	-0.1247170000	-0.0128500000	-0.5628300000	0.5766255817	3	20032018	75822
3.4500312500	0.1200000000	250.0000000000	-0.1598490000	0.0029630000	-0.5441050000	0.5671073383	4	20032018	75822
3.4500312500	0.1500000000	70.0000000000	-0.2192340000	-0.0072700000	-0.4895780000	0.5364727558	5	20032018	75822
3.5000122070	0.0000000000	0.0000000000	0.0007049319	-0.0115858108	-0.4619960000	0.4621417877	0	20032018	75824
3.5000122070	0.0300000000	340.0000000000	-0.0287880000	-0.0111960000	-0.4597660000	0.4608024242	1	20032018	75824
3.5000122070	0.0600000000	70.0000000000	-0.0781150000	-0.0026860000	-0.4498760000	0.4566153558	2	20032018	75824
3.5000122070	0.0900000000	340.0000000000	-0.0940370000	-0.0097410000	-0.4394990000	0.4495522388	3	20032018	75824
3.5000122070	0.1200000000	250.0000000000	-0.1195210000	0.0022550000	-0.4247950000	0.4412948521	4	20032018	75824
3.5000122070	0.1500000000	70.0000000000	-0.1614940000	-0.0052090000	-0.3836390000	0.4162767445	5	20032018	75824
3.5500249020	0.0000000000	0.0000000000	0.0006936340	-0.0087573709	-0.3647490000	0.3648547734	0	20032018	75826
3.5500249020	0.0300000000	340.0000000000	-0.0217870000	-0.0084990000	-0.3629820000	0.3637345718	1	20032018	75826
3.5500249020	0.0600000000	70.0000000000	-0.0586210000	-0.0019990000	-0.3554900000	0.3602964859	2	20032018	75826
3.5500249020	0.0900000000	340.0000000000	-0.0705150000	-0.0074210000	-0.3478150000	0.3549686052	3	20032018	75826
3.5500249020	0.1200000000	250.0000000000	-0.0892240000	0.0018350000	-0.3367930000	0.3484161510	4	20032018	75826
3.5500249020	0.1500000000	70.0000000000	-0.1199660000	-0.0036650000	-0.3069460000	0.3295771841	5	20032018	75826
3.6000202640	0.0000000000	0.0000000000	0.0006336001	-0.0066358976	-0.2915450000	0.2916211988	0	20032018	75828
3.6000202640	0.0300000000	340.0000000000	-0.0165450000	-0.0065090000	-0.2902740000	0.2908179829	1	20032018	75828
3.6000202640	0.0600000000	70.0000000000	-0.0442570000	-0.0013300000	-0.2848530000	0.2882736245	2	20032018	75828
3.6000202640	0.0900000000	340.0000000000	-0.0531970000	-0.0055880000	-0.2793250000	0.2844004258	3	20032018	75828
3.6000202640	0.1200000000	250.0000000000	-0.0672080000	0.0014340000	-0.2712040000	0.2794111330	4	20032018	75828
3.6000202640	0.1500000000	70.0000000000	-0.0903090000	-0.0026510000	-0.2497020000	0.2655444070	5	20032018	75828
3.6500078130	0.0000000000	0.0000000000	0.0006726694	-0.0051017390	-0.2362250000	0.2362810421	0	20032018	75830
3.6500078130	0.0300000000	340.0000000000	-0.0127880000	-0.0049950000	-0.2351930000	0.2355933578	1	20032018	75830
3.6500078130	0.0600000000	70.0000000000	-0.0337670000	-0.0009840000	-0.2314220000	0.2338745831	2	20032018	75830
3.6500078130	0.0900000000	340.0000000000	-0.0408080000	-0.0043810000	-0.2274210000	0.2310947798	3	20032018	75830
3.6500078130	0.1200000000	250.0000000000	-0.0514310000	0.0011480000	-0.2214550000	0.2273516718	4	20032018	75830
3.6500078130	0.1500000000	70.0000000000	-0.0693610000	-0.0018750000	-0.2061520000	0.2175157720	5	20032018	75830
3.7000187990	0.0000000000	0.0000000000	0.0005351976	-0.0039619853	-0.1935770000	0.1936182809	0	20032018	75833
3.7000187990	0.0300000000	340.0000000000	-0.0100570000	-0.0039740000	-0.1928020000	0.1931050158	1	20032018	75833
3.7000187990	0.0600000000	70.0000000000	-0.0261330000	-0.0007000000	-0.1901330000	0.1919218106	2	20032018	75833
3.7000187990	0.0900000000	340.0000000000	-0.0318090000	-0.0035000000	-0.1873030000	0.1900170421	3	20032018	75833
3.7000187990	0.1200000000	250.0000000000	-0.0399430000	0.0010590000	-0.1829070000	0.1872205528	4	20032018	75833
3.7000187990	0.1500000000	70.0000000000	-0.0543360000	-0.0013190000	-0.1718370000	0.1802278980	5	20032018	75833
3.7500158690	0.0000000000	0.0000000000	0.0006184154	-0.0030813379	-0.1602830000	0.1603138084	0	20032018	75835
3.7500158690	0.0300000000	340.0000000000	-0.0079890000	-0.0031410000	-0.1597240000	0.1599545128	1	20032018	75835
3.7500158690	0.0600000000	70.0000000000	-0.0206560000	-0.0005070000	-0.1578130000	0.1591598893	2	20032018	75835
3.7500158690	0.0900000000	340.0000000000	-0.0251940000	-0.0027720000	-0.1556860000	0.1577357037	3	20032018	75835
3.7500158690	0.1200000000	250.0000000000	-0.0316640000	0.0008890000	-0.1523230000	0.1555817970	4	20032018	75835
3.7500158690	0.1500000000	70.0000000000	-0.0436050000	-0.0009230000	-0.1440830000	0.1505395591	5	20032018	75835
3.8000158690	0.0000000000	0.0000000000	0.0005523050	-0.0024443093	-0.1340450000	0.1340684218	0	20032018	75837
3.8000158690	0.0300000000	340.0000000000	-0.0064710000	-0.0025740000	-0.1335810000	0.1337624121	1	20032018	75837
3.8000158690	0.0600000000	70.0000000000	-0.0164110000	-0.0003810000	-0.1321210000	0.1331368646	2	20032018	75837
3.8000158690	0.0900000000	340.0000000000	-0.0201470000	-0.0022920000	-0.1304620000	0.1320283618	3	20032018	75837
3.8000158690	0.1200000000	250.0000000000	-0.0251580000	0.0007990000	-0.1278020000	0.1302571095	4	20032018	75837
3.8000158690	0.1500000000	70.0000000000	-0.0349380000	-0.0006440000	-0.1209220000	0.1258698084	5	20032018	75837
3.8500285640	0.0000000000	0.0000000000	0.0005348273	-0.0020303679	-0.1131530000	0.1131724783	0	20032018	75839
3.8500285640	0.0300000000	340.0000000000	-0.0053590000	-0.0021260000	-0.1127160000	0.1128633484	1	20032018	75839
3.8500285640	0.0600000000	70.0000000000	-0.0130240000	-0.0002250000	-0.1115030000	0.1122612765	2	20032018	75839
3.8500285640	0.0900000000	340.0000000000	-0.0161280000	-0.0019580000	-0.1104020000	0.1115909842	3	20032018	75839
3.8500285640	0.1200000000	250.0000000000	-0.0201020000	0.0007300000	-0.1082290000	0.1100824225	4	20032018	75839
3.8500285640	0.1500000000	70.0000000000	-0.0275420000	-0.0003750000	-0.1029200000	0.1065421456	5	20032018	75839
3.9000288090	0.0000000000	0.0000000000	0.0004802594	-0.0016540072	-0.0964580000	0.0964733754	0	20032018	75841
3.9000288090	0.0300000000	340.0000000000	-0.0043950000	-0.0017380000	-0.0960710000	0.0961871806	1	20032018	75841
3.9000288090	0.0600000000	70.0000000000	-0.0105030000	-0.0002070000	-0.0952640000	0.0958414605	2	20032018	75841
3.9000288090	0.0900000000	340.0000000000	-0.0130670000	-0.0015490000	-0.0943830000	0.0952958372	3	20032018	75841
3.9000288090	0.1200000000	250.0000000000	-0.0161420000	0.0006000000	-0.0926000000	0.0939983200	4	20032018	75841
3.9000288090	0.1500000000	70.0000000000	-0.0221830000	-0.0001870000	-0.0885700000	0.0913058890	5	20032018	75841
3.9500366210	0.0000000000	0.0000000000	0.0005305190	-0.0012849395	-0.0829620000	0.0829736462	0	20032018	75843
3.9500366210	0.0300000000	340.0000000000	-0.0037570000	-0.0014160000	-0.0825420000	0.0826395902	1	20032018	75843
3.9500366210	0.0600000000	70.0000000000	-0.0085430000	-0.0000410000	-0.0820220000	0.0824657081	2	20032018	75843
3.9500366210	0.0900000000	340.0000000000	-0.0107630000	-0.0013660000	-0.0813890000	0.0821089365	3	20032018	75843
3.9500366210	0.1200000000	250.0000000000	-0.0131490000	0.0005130000	-0.0799630000	0.0810385139	4	20032018	75843
3.9500366210	0.1500000000	70.0000000000	-0.0182310000	0.0000170000	-0.0768430000	0.0789760489	5	20032018	75843
4.0000415040	0.0000000000	0.0000000000	0.0004743689	-0.0010591162	-0.0718430000	0.0718523723	0	20032018	75845
4.0000415040	0.0300000000	340.0000000000	-0.0032180000	-0.0012170000	-0.0714670000	0.0715497638	1	20032018	75845
4.0000415040	0.0600000000	70.0000000000	-0.0070010000	-0.0000190000	-0.0710800000	0.0714239509	2	20032018	75845
4.0000415040	0.0900000000	340.0000000000	-0.0089830000	-0.0011140000	-0.0706890000	0.0712661912	3	20032018	75845
4.0000415040	0.1200000000	250.0000000000	-0.0108580000	0.0004990000	-0.0694590000	0.0703043231	4	20032018	75845
4.0000415040	0.1500000000	70.0000000000	-0.0149370000	0.0001020000	-0.0670600000	0.0687034786	5	20032018	75845
4.0500131840	0.0000000000	0.0000000000	0.0004775714	-0.0009187462	-0.0626150000	0.0626235610	0	20032018	75847
4.0500131840	0.0300000000	340.0000000000	-0.0027630000	-0.0010880000	-0.0622820000	0.0623527500	1	20032018	75847
4.0500131840	0.0600000000	70.0000000000	-0.0057980000	0.0000250000	-0.0620430000	0.0623133315	2	20032018	75847
4.0500131840	0.0900000000	340.0000000000	-0.0075690000	-0.0009900000	-0.0617550000	0.0622249941	3	20032018	75847
4.0500131840	0.1200000000	250.0000000000	-0.0089920000	0.0004340000	-0.0607770000	0.0614401184	4	20032018	75847
4.0500131840	0.1500000000	70.0000000000	-0.0124670000	0.0001300000	-0.0588370000	0.0601434581	5	20032018	75847
4.1000229490	0.0000000000	0.0000000000	0.0005385166	-0.0008185480	-0.0549080000	0.0549167414	0	20032018	75849
4.1000229490	0.0300000000	340.0000000000	-0.0023730000	-0.0009370000	-0.0546810000	0.0547404865	1	20032018	75849
4.1000229490	0.0600000000	70.0000000000	-0.0048890000	0.0000580000	-0.0544580000	0.0546770468	2	20032018	75849
4.1000229490	0.0900000000	340.0000000000	-0.0063850000	-0.0008320000	-0.0543110000	0.0546913628	3	20032018	75849
4.1000229490	0.1200000000	250.0000000000	-0.0075680000	0.0004700000	-0.0534020000	0.0539376411	4	20032018	75849
4.1000229490	0.1500000000	70.0000000000	-0.0104880000	0.0002070000	-0.0519610000	0.0530093059	5	20032018	75849
