#z (m)	r (m)	phi (deg) 	Br (T)	Bphi (T)	Bz (T)	B (T)	probeID	Date (DDMMYYY)	Time (24-HH:MM:SS)
0.1000223310	0.0000000000	0.0000000000	0.0005366301	-0.0002623606	-0.0000250000	0.0005978545	0	20032018	40426
0.1000223310	0.0300000000	340.0000000000	-0.0002440000	-0.0001550000	0.0001110000	0.0003096482	1	20032018	40426
0.1000223310	0.0600000000	70.0000000000	0.0000170000	-0.0002090000	0.0001580000	0.0002625529	2	20032018	40426
0.1000223310	0.0900000000	340.0000000000	0.0001590000	-0.0000050000	-0.0004350000	0.0004631749	3	20032018	40426
0.1000223310	0.1200000000	250.0000000000	-0.0001230000	0.0000900000	0.0000820000	0.0001730694	4	20032018	40426
0.1000223310	0.1500000000	70.0000000000	-0.0001580000	-0.0000790000	0.0001340000	0.0002217228	5	20032018	40426
0.1500240020	0.0000000000	0.0000000000	0.0005040104	-0.0002057925	-0.0000360000	0.0005455942	0	20032018	40429
0.1500240020	0.0300000000	340.0000000000	-0.0002260000	-0.0001460000	0.0001420000	0.0003042302	1	20032018	40429
0.1500240020	0.0600000000	70.0000000000	-0.0000340000	-0.0002350000	0.0001520000	0.0002819308	2	20032018	40429
0.1500240020	0.0900000000	340.0000000000	0.0001320000	0.0000370000	-0.0003900000	0.0004133921	3	20032018	40429
0.1500240020	0.1200000000	250.0000000000	-0.0000240000	0.0001370000	-0.0000110000	0.0001395206	4	20032018	40429
0.1500240020	0.1500000000	70.0000000000	-0.0001030000	-0.0000970000	0.0000860000	0.0001655717	5	20032018	40429
0.2000193330	0.0000000000	0.0000000000	0.0005114346	-0.0002350992	-0.0000260000	0.0005634829	0	20032018	40431
0.2000193330	0.0300000000	340.0000000000	-0.0002010000	-0.0001390000	0.0000670000	0.0002533989	1	20032018	40431
0.2000193330	0.0600000000	70.0000000000	0.0001270000	-0.0001800000	0.0002170000	0.0003092216	2	20032018	40431
0.2000193330	0.0900000000	340.0000000000	0.0000550000	0.0000760000	-0.0003760000	0.0003875268	3	20032018	40431
0.2000193330	0.1200000000	250.0000000000	-0.0000330000	0.0001530000	0.0000060000	0.0001566333	4	20032018	40431
0.2000193330	0.1500000000	70.0000000000	-0.0000870000	-0.0000530000	0.0000870000	0.0001339664	5	20032018	40431
0.2500115050	0.0000000000	0.0000000000	0.0004691485	-0.0002197083	-0.0000050000	0.0005180705	0	20032018	40433
0.2500115050	0.0300000000	340.0000000000	-0.0002470000	-0.0001280000	0.0001350000	0.0003092216	1	20032018	40433
0.2500115050	0.0600000000	70.0000000000	-0.0000040000	-0.0002630000	0.0001310000	0.0002938469	2	20032018	40433
0.2500115050	0.0900000000	340.0000000000	0.0000530000	-0.0000230000	-0.0003970000	0.0004011820	3	20032018	40433
0.2500115050	0.1200000000	250.0000000000	-0.0001330000	0.0001420000	0.0000240000	0.0001960332	4	20032018	40433
0.2500115050	0.1500000000	70.0000000000	-0.0001760000	-0.0000490000	0.0001660000	0.0002468461	5	20032018	40433
0.3000274350	0.0000000000	0.0000000000	0.0004823905	-0.0002213354	-0.0000500000	0.0005330947	0	20032018	40435
0.3000274350	0.0300000000	340.0000000000	-0.0002670000	-0.0001790000	0.0001030000	0.0003375485	1	20032018	40435
0.3000274350	0.0600000000	70.0000000000	-0.0000820000	-0.0002380000	0.0000400000	0.0002548882	2	20032018	40435
0.3000274350	0.0900000000	340.0000000000	0.0000960000	-0.0000110000	-0.0003670000	0.0003795076	3	20032018	40435
0.3000274350	0.1200000000	250.0000000000	-0.0000820000	0.0001010000	0.0000980000	0.0001628773	4	20032018	40435
0.3000274350	0.1500000000	70.0000000000	-0.0001760000	-0.0000230000	0.0000800000	0.0001946921	5	20032018	40435
0.3500101010	0.0000000000	0.0000000000	0.0004943233	-0.0003171979	-0.0000400000	0.0005887020	0	20032018	40437
0.3500101010	0.0300000000	340.0000000000	-0.0002030000	-0.0001320000	0.0001250000	0.0002725032	1	20032018	40437
0.3500101010	0.0600000000	70.0000000000	-0.0000090000	-0.0002130000	0.0001320000	0.0002507469	2	20032018	40437
0.3500101010	0.0900000000	340.0000000000	0.0001140000	-0.0000000000	-0.0003600000	0.0003776189	3	20032018	40437
0.3500101010	0.1200000000	250.0000000000	-0.0000540000	0.0001260000	0.0000270000	0.0001397176	4	20032018	40437
0.3500101010	0.1500000000	70.0000000000	-0.0000970000	0.0000020000	0.0001400000	0.0001703320	5	20032018	40437
0.4000133360	0.0000000000	0.0000000000	0.0005544014	-0.0002603154	-0.0000320000	0.0006133099	0	20032018	40439
0.4000133360	0.0300000000	340.0000000000	-0.0002880000	-0.0001510000	0.0001270000	0.0003491046	1	20032018	40439
0.4000133360	0.0600000000	70.0000000000	-0.0000350000	-0.0001740000	0.0001080000	0.0002077619	2	20032018	40439
0.4000133360	0.0900000000	340.0000000000	0.0001560000	0.0000360000	-0.0004010000	0.0004317789	3	20032018	40439
0.4000133360	0.1200000000	250.0000000000	-0.0000990000	0.0001810000	0.0000250000	0.0002078148	4	20032018	40439
0.4000133360	0.1500000000	70.0000000000	-0.0000930000	-0.0000490000	0.0001380000	0.0001734762	5	20032018	40439
0.4500260930	0.0000000000	0.0000000000	0.0005433013	-0.0002381842	-0.0000810000	0.0005987228	0	20032018	40441
0.4500260930	0.0300000000	340.0000000000	-0.0002660000	-0.0001480000	0.0000630000	0.0003108521	1	20032018	40441
0.4500260930	0.0600000000	70.0000000000	-0.0000190000	-0.0002220000	0.0000960000	0.0002426129	2	20032018	40441
0.4500260930	0.0900000000	340.0000000000	0.0001340000	0.0000300000	-0.0004460000	0.0004666605	3	20032018	40441
0.4500260930	0.1200000000	250.0000000000	-0.0000830000	0.0001220000	0.0000890000	0.0001723195	4	20032018	40441
0.4500260930	0.1500000000	70.0000000000	-0.0001490000	-0.0000650000	0.0001030000	0.0001924448	5	20032018	40441
0.5000103450	0.0000000000	0.0000000000	0.0005446693	-0.0002344255	-0.0000680000	0.0005968618	0	20032018	40444
0.5000103450	0.0300000000	340.0000000000	-0.0002730000	-0.0001330000	0.0000120000	0.0003039112	1	20032018	40444
0.5000103450	0.0600000000	70.0000000000	-0.0000140000	-0.0002400000	0.0001010000	0.0002607623	2	20032018	40444
0.5000103450	0.0900000000	340.0000000000	0.0000580000	0.0000340000	-0.0004190000	0.0004243595	3	20032018	40444
0.5000103450	0.1200000000	250.0000000000	-0.0000570000	0.0001680000	-0.0000090000	0.0001776345	4	20032018	40444
0.5000103450	0.1500000000	70.0000000000	-0.0000920000	-0.0000640000	0.0001590000	0.0001945276	5	20032018	40444
0.5500437010	0.0000000000	0.0000000000	0.0005476612	-0.0002291293	-0.0000640000	0.0005971005	0	20032018	40446
0.5500437010	0.0300000000	340.0000000000	-0.0002440000	-0.0001600000	-0.0000000000	0.0002917807	1	20032018	40446
0.5500437010	0.0600000000	70.0000000000	0.0000270000	-0.0002480000	0.0001150000	0.0002746962	2	20032018	40446
0.5500437010	0.0900000000	340.0000000000	0.0001750000	0.0000760000	-0.0004270000	0.0004676858	3	20032018	40446
0.5500437010	0.1200000000	250.0000000000	-0.0000620000	0.0001520000	-0.0000150000	0.0001648423	4	20032018	40446
0.5500437010	0.1500000000	70.0000000000	-0.0000230000	-0.0000140000	0.0000020000	0.0000270000	5	20032018	40446
0.6000136720	0.0000000000	0.0000000000	0.0005447557	-0.0002312644	-0.0001670000	0.0006149236	0	20032018	40448
0.6000136720	0.0300000000	340.0000000000	-0.0002350000	-0.0001410000	-0.0000360000	0.0002764091	1	20032018	40448
0.6000136720	0.0600000000	70.0000000000	0.0000700000	-0.0002480000	0.0000000000	0.0002576897	2	20032018	40448
0.6000136720	0.0900000000	340.0000000000	0.0000950000	0.0000740000	-0.0005480000	0.0005610749	3	20032018	40448
0.6000136720	0.1200000000	250.0000000000	0.0000110000	0.0001530000	-0.0000750000	0.0001707484	4	20032018	40448
0.6000136720	0.1500000000	70.0000000000	-0.0001120000	-0.0000110000	0.0000690000	0.0001320076	5	20032018	40448
0.6500153200	0.0000000000	0.0000000000	0.0004976052	-0.0001970762	-0.0002020000	0.0005720612	0	20032018	40450
0.6500153200	0.0300000000	340.0000000000	-0.0001890000	-0.0001380000	-0.0000810000	0.0002476409	1	20032018	40450
0.6500153200	0.0600000000	70.0000000000	0.0000650000	-0.0002010000	-0.0000660000	0.0002213188	2	20032018	40450
0.6500153200	0.0900000000	340.0000000000	0.0001100000	0.0000780000	-0.0006030000	0.0006178940	3	20032018	40450
0.6500153200	0.1200000000	250.0000000000	-0.0000250000	0.0001340000	-0.0001410000	0.0001961173	4	20032018	40450
0.6500153200	0.1500000000	70.0000000000	-0.0000280000	-0.0000380000	0.0000140000	0.0000492341	5	20032018	40450
0.7000423580	0.0000000000	0.0000000000	0.0005701378	-0.0002053848	-0.0003520000	0.0007008167	0	20032018	40452
0.7000423580	0.0300000000	340.0000000000	-0.0002100000	-0.0001230000	-0.0002050000	0.0003182043	1	20032018	40452
0.7000423580	0.0600000000	70.0000000000	0.0000640000	-0.0001980000	-0.0001550000	0.0002594706	2	20032018	40452
0.7000423580	0.0900000000	340.0000000000	0.0002210000	0.0001400000	-0.0005680000	0.0006253519	3	20032018	40452
0.7000423580	0.1200000000	250.0000000000	0.0000340000	0.0001210000	-0.0002320000	0.0002638579	4	20032018	40452
0.7000423580	0.1500000000	70.0000000000	0.0000850000	-0.0000100000	-0.0000980000	0.0001301115	5	20032018	40452
0.7500329590	0.0000000000	0.0000000000	0.0005414150	-0.0002609096	-0.0003800000	0.0007110584	0	20032018	40454
0.7500329590	0.0300000000	340.0000000000	-0.0002330000	-0.0001400000	-0.0002740000	0.0003859598	1	20032018	40454
0.7500329590	0.0600000000	70.0000000000	0.0000660000	-0.0002280000	-0.0001760000	0.0002954928	2	20032018	40454
0.7500329590	0.0900000000	340.0000000000	0.0001180000	0.0000380000	-0.0007950000	0.0008046074	3	20032018	40454
0.7500329590	0.1200000000	250.0000000000	0.0000460000	0.0001020000	-0.0004350000	0.0004491603	4	20032018	40454
0.7500329590	0.1500000000	70.0000000000	0.0001280000	-0.0000230000	-0.0001840000	0.0002253198	5	20032018	40454
0.8000187380	0.0000000000	0.0000000000	0.0005281867	-0.0002124636	-0.0005550000	0.0007950767	0	20032018	40456
0.8000187380	0.0300000000	340.0000000000	-0.0002180000	-0.0001190000	-0.0004070000	0.0004767956	1	20032018	40456
0.8000187380	0.0600000000	70.0000000000	0.0000890000	-0.0002320000	-0.0003730000	0.0004481897	2	20032018	40456
0.8000187380	0.0900000000	340.0000000000	0.0001980000	-0.0000150000	-0.0008730000	0.0008952977	3	20032018	40456
0.8000187380	0.1200000000	250.0000000000	0.0000680000	0.0001300000	-0.0005150000	0.0005354895	4	20032018	40456
0.8000187380	0.1500000000	70.0000000000	-0.0000110000	-0.0000010000	-0.0003930000	0.0003931552	5	20032018	40456
0.8500220340	0.0000000000	0.0000000000	0.0004941920	-0.0001830637	-0.0006250000	0.0008175347	0	20032018	40458
0.8500220340	0.0300000000	340.0000000000	-0.0002900000	-0.0001220000	-0.0004470000	0.0005466196	1	20032018	40458
0.8500220340	0.0600000000	70.0000000000	0.0000300000	-0.0002140000	-0.0005140000	0.0005575769	2	20032018	40458
0.8500220340	0.0900000000	340.0000000000	0.0001150000	0.0001140000	-0.0010270000	0.0010396875	3	20032018	40458
0.8500220340	0.1200000000	250.0000000000	0.0000710000	0.0001420000	-0.0005770000	0.0005984430	4	20032018	40458
0.8500220340	0.1500000000	70.0000000000	0.0000320000	-0.0000010000	-0.0004940000	0.0004950364	5	20032018	40458
0.9000125730	0.0000000000	0.0000000000	0.0004967347	-0.0002520965	-0.0007030000	0.0008969431	0	20032018	40501
0.9000125730	0.0300000000	340.0000000000	-0.0002520000	-0.0001370000	-0.0006240000	0.0006867671	1	20032018	40501
0.9000125730	0.0600000000	70.0000000000	0.0000300000	-0.0001930000	-0.0004760000	0.0005145143	2	20032018	40501
0.9000125730	0.0900000000	340.0000000000	0.0002010000	-0.0000100000	-0.0010930000	0.0011113730	3	20032018	40501
0.9000125730	0.1200000000	250.0000000000	-0.0000250000	0.0002070000	-0.0007220000	0.0007515038	4	20032018	40501
0.9000125730	0.1500000000	70.0000000000	0.0000170000	-0.0000150000	-0.0007020000	0.0007023660	5	20032018	40501
0.9500158690	0.0000000000	0.0000000000	0.0004819518	-0.0002605503	-0.0007390000	0.0009199375	0	20032018	40503
0.9500158690	0.0300000000	340.0000000000	-0.0002510000	-0.0001640000	-0.0006400000	0.0007067510	1	20032018	40503
0.9500158690	0.0600000000	70.0000000000	-0.0000050000	-0.0001740000	-0.0006060000	0.0006305054	2	20032018	40503
0.9500158690	0.0900000000	340.0000000000	0.0001360000	0.0000720000	-0.0012170000	0.0012266903	3	20032018	40503
0.9500158690	0.1200000000	250.0000000000	-0.0000980000	0.0001390000	-0.0008120000	0.0008296198	4	20032018	40503
0.9500158690	0.1500000000	70.0000000000	-0.0000870000	-0.0000300000	-0.0007180000	0.0007238736	5	20032018	40503
1.0000380860	0.0000000000	0.0000000000	0.0004693316	-0.0001782720	-0.0008180000	0.0009597797	0	20032018	40505
1.0000380860	0.0300000000	340.0000000000	-0.0003160000	-0.0001660000	-0.0006810000	0.0007688778	1	20032018	40505
1.0000380860	0.0600000000	70.0000000000	0.0000160000	-0.0001520000	-0.0007040000	0.0007203999	2	20032018	40505
1.0000380860	0.0900000000	340.0000000000	0.0001270000	0.0000560000	-0.0012280000	0.0012358192	3	20032018	40505
1.0000380860	0.1200000000	250.0000000000	-0.0001060000	0.0001220000	-0.0007250000	0.0007427954	4	20032018	40505
1.0000380860	0.1500000000	70.0000000000	-0.0001130000	-0.0000380000	-0.0007140000	0.0007238847	5	20032018	40505
1.0500128170	0.0000000000	0.0000000000	0.0004663121	-0.0002772057	-0.0007920000	0.0009599760	0	20032018	40507
1.0500128170	0.0300000000	340.0000000000	-0.0002550000	-0.0001660000	-0.0006390000	0.0007077443	1	20032018	40507
1.0500128170	0.0600000000	70.0000000000	-0.0001220000	-0.0002640000	-0.0006730000	0.0007331501	2	20032018	40507
1.0500128170	0.0900000000	340.0000000000	0.0000400000	0.0000990000	-0.0011280000	0.0011330424	3	20032018	40507
1.0500128170	0.1200000000	250.0000000000	-0.0000900000	0.0000920000	-0.0007320000	0.0007432281	4	20032018	40507
1.0500128170	0.1500000000	70.0000000000	-0.0002160000	-0.0000160000	-0.0007110000	0.0007432584	5	20032018	40507
1.1000192870	0.0000000000	0.0000000000	0.0004617761	-0.0003042875	-0.0007010000	0.0008928768	0	20032018	40509
1.1000192870	0.0300000000	340.0000000000	-0.0002650000	-0.0001640000	-0.0006380000	0.0007100458	1	20032018	40509
1.1000192870	0.0600000000	70.0000000000	-0.0001490000	-0.0002070000	-0.0005880000	0.0006409321	2	20032018	40509
1.1000192870	0.0900000000	340.0000000000	0.0000100000	0.0000510000	-0.0011020000	0.0011032248	3	20032018	40509
1.1000192870	0.1200000000	250.0000000000	-0.0001830000	0.0000980000	-0.0007190000	0.0007483676	4	20032018	40509
1.1000192870	0.1500000000	70.0000000000	-0.0003300000	0.0000040000	-0.0006380000	0.0007183036	5	20032018	40509
1.1500114750	0.0000000000	0.0000000000	0.0005094861	-0.0001790527	-0.0006850000	0.0008722735	0	20032018	40511
1.1500114750	0.0300000000	340.0000000000	-0.0002720000	-0.0001830000	-0.0005510000	0.0006411505	1	20032018	40511
1.1500114750	0.0600000000	70.0000000000	0.0000010000	-0.0002310000	-0.0004340000	0.0004916482	2	20032018	40511
1.1500114750	0.0900000000	340.0000000000	0.0000190000	0.0000320000	-0.0010120000	0.0010126841	3	20032018	40511
1.1500114750	0.1200000000	250.0000000000	-0.0002350000	0.0000790000	-0.0005400000	0.0005941936	4	20032018	40511
1.1500114750	0.1500000000	70.0000000000	-0.0003810000	-0.0000700000	-0.0004150000	0.0005677024	5	20032018	40511
1.2000114750	0.0000000000	0.0000000000	0.0004801553	-0.0002684099	-0.0007120000	0.0008997427	0	20032018	40513
1.2000114750	0.0300000000	340.0000000000	-0.0001850000	-0.0001910000	-0.0005430000	0.0006046114	1	20032018	40513
1.2000114750	0.0600000000	70.0000000000	0.0000980000	-0.0002700000	-0.0005330000	0.0006054692	2	20032018	40513
1.2000114750	0.0900000000	340.0000000000	0.0001200000	-0.0000020000	-0.0009740000	0.0009813664	3	20032018	40513
1.2000114750	0.1200000000	250.0000000000	-0.0000940000	0.0001210000	-0.0005520000	0.0005728708	4	20032018	40513
1.2000114750	0.1500000000	70.0000000000	-0.0001240000	-0.0000510000	-0.0001740000	0.0002196657	5	20032018	40513
1.2500195310	0.0000000000	0.0000000000	0.0004440912	-0.0003031716	-0.0007070000	0.0008882449	0	20032018	40515
1.2500195310	0.0300000000	340.0000000000	-0.0002140000	-0.0001940000	-0.0006500000	0.0007112890	1	20032018	40515
1.2500195310	0.0600000000	70.0000000000	0.0001410000	-0.0001810000	-0.0006380000	0.0006780015	2	20032018	40515
1.2500195310	0.0900000000	340.0000000000	0.0002360000	0.0001020000	-0.0011410000	0.0011696072	3	20032018	40515
1.2500195310	0.1200000000	250.0000000000	0.0001180000	0.0000920000	-0.0006910000	0.0007070141	4	20032018	40515
1.2500195310	0.1500000000	70.0000000000	0.0003290000	-0.0000090000	-0.0004790000	0.0005811738	5	20032018	40515
1.3000133060	0.0000000000	0.0000000000	0.0004829848	-0.0002343219	-0.0008880000	0.0010376536	0	20032018	40517
1.3000133060	0.0300000000	340.0000000000	-0.0002930000	-0.0002010000	-0.0008600000	0.0009305106	1	20032018	40517
1.3000133060	0.0600000000	70.0000000000	0.0001230000	-0.0001020000	-0.0006850000	0.0007033904	2	20032018	40517
1.3000133060	0.0900000000	340.0000000000	0.0001680000	0.0000520000	-0.0013450000	0.0013564487	3	20032018	40517
1.3000133060	0.1200000000	250.0000000000	0.0000500000	0.0000850000	-0.0009220000	0.0009272589	4	20032018	40517
1.3000133060	0.1500000000	70.0000000000	0.0002650000	-0.0000310000	-0.0009610000	0.0009973500	5	20032018	40517
1.3500133060	0.0000000000	0.0000000000	0.0005172386	-0.0002542385	-0.0009930000	0.0011481385	0	20032018	40519
1.3500133060	0.0300000000	340.0000000000	-0.0001810000	-0.0001840000	-0.0009030000	0.0009391624	1	20032018	40519
1.3500133060	0.0600000000	70.0000000000	0.0000500000	-0.0001620000	-0.0009790000	0.0009935718	2	20032018	40519
1.3500133060	0.0900000000	340.0000000000	0.0001230000	0.0000950000	-0.0014530000	0.0014612881	3	20032018	40519
1.3500133060	0.1200000000	250.0000000000	-0.0000220000	0.0000640000	-0.0011140000	0.0011160538	4	20032018	40519
1.3500133060	0.1500000000	70.0000000000	-0.0001460000	-0.0000790000	-0.0011910000	0.0012025132	5	20032018	40519
1.4000308840	0.0000000000	0.0000000000	0.0004713664	-0.0002311573	-0.0011010000	0.0012197627	0	20032018	40522
1.4000308840	0.0300000000	340.0000000000	-0.0002110000	-0.0001800000	-0.0009600000	0.0009992602	1	20032018	40522
1.4000308840	0.0600000000	70.0000000000	-0.0000170000	-0.0002080000	-0.0009170000	0.0009404478	2	20032018	40522
1.4000308840	0.0900000000	340.0000000000	0.0001050000	0.0000570000	-0.0015080000	0.0015127254	3	20032018	40522
1.4000308840	0.1200000000	250.0000000000	-0.0001580000	0.0000790000	-0.0010980000	0.0011121191	4	20032018	40522
1.4000308840	0.1500000000	70.0000000000	-0.0001730000	-0.0000570000	-0.0011050000	0.0011199121	5	20032018	40522
1.4500151370	0.0000000000	0.0000000000	0.0005052057	-0.0002083559	-0.0011140000	0.0012408227	0	20032018	40524
1.4500151370	0.0300000000	340.0000000000	-0.0002480000	-0.0001730000	-0.0009970000	0.0010418455	1	20032018	40524
1.4500151370	0.0600000000	70.0000000000	-0.0000030000	-0.0002210000	-0.0009210000	0.0009471489	2	20032018	40524
1.4500151370	0.0900000000	340.0000000000	0.0001310000	0.0000870000	-0.0014460000	0.0014545260	3	20032018	40524
1.4500151370	0.1200000000	250.0000000000	-0.0000780000	0.0000980000	-0.0010600000	0.0010673743	4	20032018	40524
1.4500151370	0.1500000000	70.0000000000	-0.0001960000	-0.0000300000	-0.0009560000	0.0009763463	5	20032018	40524
1.5000405270	0.0000000000	0.0000000000	0.0004836688	-0.0002324425	-0.0011320000	0.0012527526	0	20032018	40526
1.5000405270	0.0300000000	340.0000000000	-0.0002400000	-0.0001930000	-0.0010220000	0.0010673954	1	20032018	40526
1.5000405270	0.0600000000	70.0000000000	0.0000190000	-0.0002110000	-0.0009650000	0.0009879813	2	20032018	40526
1.5000405270	0.0900000000	340.0000000000	0.0000960000	0.0000850000	-0.0015150000	0.0015204164	3	20032018	40526
1.5000405270	0.1200000000	250.0000000000	-0.0000630000	0.0000690000	-0.0010540000	0.0010581333	4	20032018	40526
1.5000405270	0.1500000000	70.0000000000	-0.0001420000	-0.0000800000	-0.0009390000	0.0009530399	5	20032018	40526
1.5500168460	0.0000000000	0.0000000000	0.0005382608	-0.0002374138	-0.0011550000	0.0012961925	0	20032018	40528
1.5500168460	0.0300000000	340.0000000000	-0.0002260000	-0.0001910000	-0.0010510000	0.0010918599	1	20032018	40528
1.5500168460	0.0600000000	70.0000000000	-0.0000130000	-0.0002200000	-0.0010140000	0.0010376729	2	20032018	40528
1.5500168460	0.0900000000	340.0000000000	0.0000740000	0.0001010000	-0.0015640000	0.0015690038	3	20032018	40528
1.5500168460	0.1200000000	250.0000000000	-0.0000790000	0.0000580000	-0.0010620000	0.0010665125	4	20032018	40528
1.5500168460	0.1500000000	70.0000000000	-0.0001160000	-0.0000530000	-0.0010120000	0.0010200044	5	20032018	40528
1.6000264890	0.0000000000	0.0000000000	0.0004535192	-0.0002012495	-0.0011970000	0.0012957585	0	20032018	40530
1.6000264890	0.0300000000	340.0000000000	-0.0002450000	-0.0001600000	-0.0011460000	0.0011827684	1	20032018	40530
1.6000264890	0.0600000000	70.0000000000	-0.0000200000	-0.0001840000	-0.0010400000	0.0010563409	2	20032018	40530
1.6000264890	0.0900000000	340.0000000000	0.0001900000	0.0001260000	-0.0015640000	0.0015805290	3	20032018	40530
1.6000264890	0.1200000000	250.0000000000	-0.0000380000	0.0001370000	-0.0011600000	0.0011686800	4	20032018	40530
1.6000264890	0.1500000000	70.0000000000	-0.0000110000	-0.0000810000	-0.0010280000	0.0010312449	5	20032018	40530
1.6500344240	0.0000000000	0.0000000000	0.0005376528	-0.0002712462	-0.0013330000	0.0014627146	0	20032018	40532
1.6500344240	0.0300000000	340.0000000000	-0.0002230000	-0.0001620000	-0.0012510000	0.0012810051	1	20032018	40532
1.6500344240	0.0600000000	70.0000000000	0.0001210000	-0.0002260000	-0.0011090000	0.0011382434	2	20032018	40532
1.6500344240	0.0900000000	340.0000000000	0.0001870000	0.0000720000	-0.0016460000	0.0016581523	3	20032018	40532
1.6500344240	0.1200000000	250.0000000000	-0.0000430000	0.0000780000	-0.0012180000	0.0012212522	4	20032018	40532
1.6500344240	0.1500000000	70.0000000000	-0.0000260000	-0.0000370000	-0.0011540000	0.0011548857	5	20032018	40532
1.7000202640	0.0000000000	0.0000000000	0.0004571017	-0.0002206445	-0.0014790000	0.0015636710	0	20032018	40534
1.7000202640	0.0300000000	340.0000000000	-0.0002250000	-0.0001100000	-0.0013170000	0.0013406021	1	20032018	40534
1.7000202640	0.0600000000	70.0000000000	0.0001300000	-0.0002100000	-0.0013080000	0.0013311138	2	20032018	40534
1.7000202640	0.0900000000	340.0000000000	0.0002340000	0.0000680000	-0.0018230000	0.0018392142	3	20032018	40534
1.7000202640	0.1200000000	250.0000000000	0.0000370000	0.0001110000	-0.0013480000	0.0013530684	4	20032018	40534
1.7000202640	0.1500000000	70.0000000000	-0.0000490000	-0.0000590000	-0.0012740000	0.0012763064	5	20032018	40534
1.7500124510	0.0000000000	0.0000000000	0.0004655590	-0.0002237227	-0.0016410000	0.0017203715	0	20032018	40536
1.7500124510	0.0300000000	340.0000000000	-0.0002380000	-0.0001570000	-0.0015580000	0.0015838740	1	20032018	40536
1.7500124510	0.0600000000	70.0000000000	0.0001060000	-0.0002060000	-0.0014560000	0.0014743161	2	20032018	40536
1.7500124510	0.0900000000	340.0000000000	0.0003270000	0.0001000000	-0.0019870000	0.0020162088	3	20032018	40536
1.7500124510	0.1200000000	250.0000000000	0.0000560000	0.0000600000	-0.0015830000	0.0015851262	4	20032018	40536
1.7500124510	0.1500000000	70.0000000000	0.0000610000	-0.0000630000	-0.0014090000	0.0014117262	5	20032018	40536
1.8000157470	0.0000000000	0.0000000000	0.0004942645	-0.0002267214	-0.0017790000	0.0018602529	0	20032018	40538
1.8000157470	0.0300000000	340.0000000000	-0.0001930000	-0.0001090000	-0.0016530000	0.0016677947	1	20032018	40538
1.8000157470	0.0600000000	70.0000000000	0.0001230000	-0.0001810000	-0.0016170000	0.0016317411	2	20032018	40538
1.8000157470	0.0900000000	340.0000000000	0.0002600000	0.0000890000	-0.0021910000	0.0022081671	3	20032018	40538
1.8000157470	0.1200000000	250.0000000000	0.0001040000	0.0000820000	-0.0017140000	0.0017191091	4	20032018	40538
1.8000157470	0.1500000000	70.0000000000	0.0001090000	-0.0000820000	-0.0015650000	0.0015709328	5	20032018	40538
1.8500157470	0.0000000000	0.0000000000	0.0004950315	-0.0002333856	-0.0019780000	0.0020523180	0	20032018	40540
1.8500157470	0.0300000000	340.0000000000	-0.0001660000	-0.0000720000	-0.0018790000	0.0018876920	1	20032018	40540
1.8500157470	0.0600000000	70.0000000000	0.0001160000	-0.0002120000	-0.0017750000	0.0017913752	2	20032018	40540
1.8500157470	0.0900000000	340.0000000000	0.0002950000	0.0000620000	-0.0023830000	0.0024019904	3	20032018	40540
1.8500157470	0.1200000000	250.0000000000	0.0001630000	0.0001070000	-0.0019280000	0.0019378344	4	20032018	40540
1.8500157470	0.1500000000	70.0000000000	0.0001720000	-0.0000220000	-0.0017670000	0.0017754878	5	20032018	40540
1.9000126950	0.0000000000	0.0000000000	0.0005117248	-0.0001202736	-0.0021660000	0.0022288751	0	20032018	40543
1.9000126950	0.0300000000	340.0000000000	-0.0001780000	-0.0001710000	-0.0020980000	0.0021124699	1	20032018	40543
1.9000126950	0.0600000000	70.0000000000	0.0001370000	-0.0002070000	-0.0020910000	0.0021056825	2	20032018	40543
1.9000126950	0.0900000000	340.0000000000	0.0003300000	0.0000920000	-0.0024990000	0.0025223729	3	20032018	40543
1.9000126950	0.1200000000	250.0000000000	0.0002000000	0.0000600000	-0.0020830000	0.0020934395	4	20032018	40543
1.9000126950	0.1500000000	70.0000000000	0.0001970000	-0.0000060000	-0.0019540000	0.0019639147	5	20032018	40543
1.9500333250	0.0000000000	0.0000000000	0.0004956326	-0.0002229626	-0.0024900000	0.0025486200	0	20032018	40545
1.9500333250	0.0300000000	340.0000000000	-0.0001170000	-0.0000950000	-0.0024110000	0.0024157059	1	20032018	40545
1.9500333250	0.0600000000	70.0000000000	0.0002040000	-0.0002180000	-0.0023140000	0.0023331815	2	20032018	40545
1.9500333250	0.0900000000	340.0000000000	0.0003260000	0.0001090000	-0.0028850000	0.0029054057	3	20032018	40545
1.9500333250	0.1200000000	250.0000000000	0.0002230000	0.0000880000	-0.0023670000	0.0023791095	4	20032018	40545
1.9500333250	0.1500000000	70.0000000000	0.0002890000	-0.0000990000	-0.0022660000	0.0022864991	5	20032018	40545
2.0000191650	0.0000000000	0.0000000000	0.0004580483	-0.0001975771	-0.0027920000	0.0028362138	0	20032018	40547
2.0000191650	0.0300000000	340.0000000000	-0.0001210000	-0.0001170000	-0.0027090000	0.0027142238	1	20032018	40547
2.0000191650	0.0600000000	70.0000000000	0.0002850000	-0.0002600000	-0.0026410000	0.0026690272	2	20032018	40547
2.0000191650	0.0900000000	340.0000000000	0.0003690000	0.0000930000	-0.0031290000	0.0031520550	3	20032018	40547
2.0000191650	0.1200000000	250.0000000000	0.0002440000	0.0000680000	-0.0027380000	0.0027496916	4	20032018	40547
2.0000191650	0.1500000000	70.0000000000	0.0002910000	-0.0000820000	-0.0025540000	0.0025718322	5	20032018	40547
2.0500351560	0.0000000000	0.0000000000	0.0005029947	-0.0001734975	-0.0031180000	0.0031630727	0	20032018	40549
2.0500351560	0.0300000000	340.0000000000	-0.0001680000	-0.0001270000	-0.0030500000	0.0030572623	1	20032018	40549
2.0500351560	0.0600000000	70.0000000000	0.0002640000	-0.0001630000	-0.0029700000	0.0029861623	2	20032018	40549
2.0500351560	0.0900000000	340.0000000000	0.0004610000	0.0000870000	-0.0034900000	0.0035213904	3	20032018	40549
2.0500351560	0.1200000000	250.0000000000	0.0003280000	0.0001100000	-0.0030760000	0.0030953934	4	20032018	40549
2.0500351560	0.1500000000	70.0000000000	0.0004930000	-0.0000340000	-0.0028990000	0.0029408172	5	20032018	40549
2.1000161130	0.0000000000	0.0000000000	0.0004999027	-0.0002287735	-0.0036740000	0.0037149046	0	20032018	40551
2.1000161130	0.0300000000	340.0000000000	-0.0001140000	-0.0000580000	-0.0034860000	0.0034883457	1	20032018	40551
2.1000161130	0.0600000000	70.0000000000	0.0002580000	-0.0002280000	-0.0034730000	0.0034900254	2	20032018	40551
2.1000161130	0.0900000000	340.0000000000	0.0004970000	0.0000600000	-0.0038860000	0.0039181124	3	20032018	40551
2.1000161130	0.1200000000	250.0000000000	0.0003670000	0.0000420000	-0.0034750000	0.0034945784	4	20032018	40551
2.1000161130	0.1500000000	70.0000000000	0.0005540000	-0.0000110000	-0.0032860000	0.0033323915	5	20032018	40551
2.1500083010	0.0000000000	0.0000000000	0.0004859835	-0.0002056163	-0.0041290000	0.0041625832	0	20032018	40553
2.1500083010	0.0300000000	340.0000000000	-0.0001280000	-0.0000570000	-0.0039980000	0.0040004546	1	20032018	40553
2.1500083010	0.0600000000	70.0000000000	0.0004280000	-0.0001850000	-0.0039890000	0.0040161586	2	20032018	40553
2.1500083010	0.0900000000	340.0000000000	0.0005710000	0.0001680000	-0.0044000000	0.0044400749	3	20032018	40553
2.1500083010	0.1200000000	250.0000000000	0.0004820000	0.0000540000	-0.0040310000	0.0040600740	4	20032018	40553
2.1500083010	0.1500000000	70.0000000000	0.0007210000	-0.0000940000	-0.0038020000	0.0038709018	5	20032018	40553
2.2000258790	0.0000000000	0.0000000000	0.0005221443	-0.0001325794	-0.0047570000	0.0047874065	0	20032018	40555
2.2000258790	0.0300000000	340.0000000000	-0.0000990000	-0.0000490000	-0.0046680000	0.0046693068	1	20032018	40555
2.2000258790	0.0600000000	70.0000000000	0.0004530000	-0.0001650000	-0.0045570000	0.0045824320	2	20032018	40555
2.2000258790	0.0900000000	340.0000000000	0.0006950000	0.0000920000	-0.0050540000	0.0051023921	3	20032018	40555
2.2000258790	0.1200000000	250.0000000000	0.0006360000	0.0000820000	-0.0046410000	0.0046850935	4	20032018	40555
2.2000258790	0.1500000000	70.0000000000	0.0009330000	-0.0000480000	-0.0043950000	0.0044931969	5	20032018	40555
2.2500117190	0.0000000000	0.0000000000	0.0005200024	-0.0001530833	-0.0055810000	0.0056072630	0	20032018	40557
2.2500117190	0.0300000000	340.0000000000	-0.0000430000	-0.0000600000	-0.0054480000	0.0054485001	1	20032018	40557
2.2500117190	0.0600000000	70.0000000000	0.0005710000	-0.0001150000	-0.0052810000	0.0053130243	2	20032018	40557
2.2500117190	0.0900000000	340.0000000000	0.0008290000	0.0001670000	-0.0058590000	0.0059197138	3	20032018	40557
2.2500117190	0.1200000000	250.0000000000	0.0007760000	0.0000190000	-0.0053920000	0.0054475867	4	20032018	40557
2.2500117190	0.1500000000	70.0000000000	0.0011230000	-0.0000160000	-0.0050570000	0.0051802156	5	20032018	40557
2.3000180660	0.0000000000	0.0000000000	0.0005106953	-0.0001347973	-0.0064610000	0.0064825536	0	20032018	40559
2.3000180660	0.0300000000	340.0000000000	-0.0000460000	-0.0001140000	-0.0063710000	0.0063721859	1	20032018	40559
2.3000180660	0.0600000000	70.0000000000	0.0007750000	-0.0001780000	-0.0061740000	0.0062249968	2	20032018	40559
2.3000180660	0.0900000000	340.0000000000	0.0009600000	0.0001180000	-0.0066090000	0.0066794015	3	20032018	40559
2.3000180660	0.1200000000	250.0000000000	0.0008860000	0.0000930000	-0.0062090000	0.0062725853	4	20032018	40559
2.3000180660	0.1500000000	70.0000000000	0.0013940000	-0.0000750000	-0.0058160000	0.0059811970	5	20032018	40559
2.3500307620	0.0000000000	0.0000000000	0.0005175391	-0.0001042988	-0.0075890000	0.0076073416	0	20032018	40601
2.3500307620	0.0300000000	340.0000000000	0.0000620000	-0.0000040000	-0.0074830000	0.0074832579	1	20032018	40601
2.3500307620	0.0600000000	70.0000000000	0.0009440000	-0.0001540000	-0.0073330000	0.0073951160	2	20032018	40601
2.3500307620	0.0900000000	340.0000000000	0.0012400000	0.0001690000	-0.0077600000	0.0078602647	3	20032018	40601
2.3500307620	0.1200000000	250.0000000000	0.0012690000	-0.0000050000	-0.0073030000	0.0074124352	4	20032018	40601
2.3500307620	0.1500000000	70.0000000000	0.0017130000	-0.0000080000	-0.0068360000	0.0070473633	5	20032018	40601
2.4000119630	0.0000000000	0.0000000000	0.0005290815	-0.0000755103	-0.0090690000	0.0090847339	0	20032018	40604
2.4000119630	0.0300000000	340.0000000000	0.0000340000	0.0000350000	-0.0089030000	0.0089031337	1	20032018	40604
2.4000119630	0.0600000000	70.0000000000	0.0010080000	-0.0001200000	-0.0088140000	0.0088722635	2	20032018	40604
2.4000119630	0.0900000000	340.0000000000	0.0014710000	0.0002460000	-0.0091400000	0.0092608832	3	20032018	40604
2.4000119630	0.1200000000	250.0000000000	0.0015460000	0.0000090000	-0.0086250000	0.0087624667	4	20032018	40604
2.4000119630	0.1500000000	70.0000000000	0.0021320000	0.0000200000	-0.0080580000	0.0083352977	5	20032018	40604
2.4500327150	0.0000000000	0.0000000000	0.0005692395	-0.0000645864	-0.0108670000	0.0108820905	0	20032018	40606
2.4500327150	0.0300000000	340.0000000000	0.0002520000	0.0000650000	-0.0106970000	0.0107001653	1	20032018	40606
2.4500327150	0.0600000000	70.0000000000	0.0013040000	-0.0000940000	-0.0104670000	0.0105483336	2	20032018	40606
2.4500327150	0.0900000000	340.0000000000	0.0018650000	0.0002890000	-0.0108890000	0.0110513378	3	20032018	40606
2.4500327150	0.1200000000	250.0000000000	0.0020120000	0.0000120000	-0.0102570000	0.0104524799	4	20032018	40606
2.4500327150	0.1500000000	70.0000000000	0.0028160000	-0.0000190000	-0.0095530000	0.0099594190	5	20032018	40606
2.5000217290	0.0000000000	0.0000000000	0.0005280139	0.0000706706	-0.0132160000	0.0132267324	0	20032018	40608
2.5000217290	0.0300000000	340.0000000000	0.0003430000	0.0001070000	-0.0129660000	0.0129709774	1	20032018	40608
2.5000217290	0.0600000000	70.0000000000	0.0017950000	-0.0000680000	-0.0127930000	0.0129184944	2	20032018	40608
2.5000217290	0.0900000000	340.0000000000	0.0023870000	0.0002570000	-0.0131290000	0.0133467022	3	20032018	40608
2.5000217290	0.1200000000	250.0000000000	0.0026840000	-0.0000090000	-0.0124540000	0.0127399393	4	20032018	40608
2.5000217290	0.1500000000	70.0000000000	0.0036240000	0.0000330000	-0.0115260000	0.0120823483	5	20032018	40608
2.5500168460	0.0000000000	0.0000000000	0.0005860537	0.0001687337	-0.0161760000	0.0161874923	0	20032018	40610
2.5500168460	0.0300000000	340.0000000000	0.0005410000	0.0002250000	-0.0159700000	0.0159807449	1	20032018	40610
2.5500168460	0.0600000000	70.0000000000	0.0022320000	0.0000360000	-0.0157030000	0.0158608742	2	20032018	40610
2.5500168460	0.0900000000	340.0000000000	0.0030180000	0.0003560000	-0.0159420000	0.0162290611	3	20032018	40610
2.5500168460	0.1200000000	250.0000000000	0.0033010000	-0.0000130000	-0.0151320000	0.0154878725	4	20032018	40610
2.5500168460	0.1500000000	70.0000000000	0.0047280000	0.0000410000	-0.0140520000	0.0148261380	5	20032018	40610
2.6000329590	0.0000000000	0.0000000000	0.0006091452	0.0002497200	-0.0200530000	0.0200638039	0	20032018	40612
2.6000329590	0.0300000000	340.0000000000	0.0007430000	0.0003200000	-0.0197580000	0.0197745547	1	20032018	40612
2.6000329590	0.0600000000	70.0000000000	0.0029590000	0.0000450000	-0.0194070000	0.0196313360	2	20032018	40612
2.6000329590	0.0900000000	340.0000000000	0.0038990000	0.0004590000	-0.0195350000	0.0199255893	3	20032018	40612
2.6000329590	0.1200000000	250.0000000000	0.0044520000	-0.0000700000	-0.0186730000	0.0191965136	4	20032018	40612
2.6000329590	0.1500000000	70.0000000000	0.0061410000	0.0001860000	-0.0171780000	0.0182436334	5	20032018	40612
2.6500314940	0.0000000000	0.0000000000	0.0005940790	0.0004393064	-0.0250680000	0.0250788864	0	20032018	40614
2.6500314940	0.0300000000	340.0000000000	0.0010610000	0.0003980000	-0.0247280000	0.0247539514	1	20032018	40614
2.6500314940	0.0600000000	70.0000000000	0.0039220000	-0.0000110000	-0.0242610000	0.0245759705	2	20032018	40614
2.6500314940	0.0900000000	340.0000000000	0.0049960000	0.0005240000	-0.0242830000	0.0247971507	3	20032018	40614
2.6500314940	0.1200000000	250.0000000000	0.0058380000	-0.0000900000	-0.0231280000	0.0238536104	4	20032018	40614
2.6500314940	0.1500000000	70.0000000000	0.0080760000	0.0001940000	-0.0214080000	0.0228814745	5	20032018	40614
2.7000141600	0.0000000000	0.0000000000	0.0006687258	0.0006473205	-0.0316200000	0.0316336943	0	20032018	40616
2.7000141600	0.0300000000	340.0000000000	0.0015180000	0.0006240000	-0.0313270000	0.0313699638	1	20032018	40616
2.7000141600	0.0600000000	70.0000000000	0.0051980000	0.0001180000	-0.0306380000	0.0310760386	2	20032018	40616
2.7000141600	0.0900000000	340.0000000000	0.0065740000	0.0006770000	-0.0305460000	0.0312527426	3	20032018	40616
2.7000141600	0.1200000000	250.0000000000	0.0077280000	-0.0001900000	-0.0291950000	0.0302010945	4	20032018	40616
2.7000141600	0.1500000000	70.0000000000	0.0104000000	0.0002630000	-0.0266740000	0.0286309526	5	20032018	40616
2.7500300290	0.0000000000	0.0000000000	0.0006285883	0.0009960812	-0.0403960000	0.0404131676	0	20032018	40618
2.7500300290	0.0300000000	340.0000000000	0.0021180000	0.0008540000	-0.0400510000	0.0401160547	1	20032018	40618
2.7500300290	0.0600000000	70.0000000000	0.0068970000	0.0003180000	-0.0389540000	0.0395611406	2	20032018	40618
2.7500300290	0.0900000000	340.0000000000	0.0086680000	0.0009830000	-0.0386660000	0.0396378616	3	20032018	40618
2.7500300290	0.1200000000	250.0000000000	0.0103360000	-0.0002550000	-0.0369370000	0.0383567450	4	20032018	40618
2.7500300290	0.1500000000	70.0000000000	0.0137740000	0.0004170000	-0.0332230000	0.0359675506	5	20032018	40618
2.8000236820	0.0000000000	0.0000000000	0.0007027756	0.0013841086	-0.0523020000	0.0523250309	0	20032018	40620
2.8000236820	0.0300000000	340.0000000000	0.0029060000	0.0011880000	-0.0517700000	0.0518651046	1	20032018	40620
2.8000236820	0.0600000000	70.0000000000	0.0094140000	0.0004330000	-0.0503480000	0.0512223778	2	20032018	40620
2.8000236820	0.0900000000	340.0000000000	0.0118110000	0.0012390000	-0.0497700000	0.0511672526	3	20032018	40620
2.8000236820	0.1200000000	250.0000000000	0.0141820000	-0.0003810000	-0.0473920000	0.0494699500	4	20032018	40620
2.8000236820	0.1500000000	70.0000000000	0.0191050000	0.0005950000	-0.0420170000	0.0461604088	5	20032018	40620
2.8500144040	0.0000000000	0.0000000000	0.0008100765	0.0019420579	-0.0682840000	0.0683164143	0	20032018	40622
2.8500144040	0.0300000000	340.0000000000	0.0039540000	0.0017120000	-0.0676530000	0.0677900691	1	20032018	40622
2.8500144040	0.0600000000	70.0000000000	0.0126710000	0.0006480000	-0.0659710000	0.0671799597	2	20032018	40622
2.8500144040	0.0900000000	340.0000000000	0.0160260000	0.0016680000	-0.0649700000	0.0669381491	3	20032018	40622
2.8500144040	0.1200000000	250.0000000000	0.0195500000	-0.0005410000	-0.0619970000	0.0650086393	4	20032018	40622
2.8500144040	0.1500000000	70.0000000000	0.0268240000	0.0008180000	-0.0548550000	0.0610677257	5	20032018	40622
2.9000317380	0.0000000000	0.0000000000	0.0008119833	0.0026139243	-0.0892480000	0.0892899626	0	20032018	40625
2.9000317380	0.0300000000	340.0000000000	0.0050910000	0.0022610000	-0.0885610000	0.0887360193	1	20032018	40625
2.9000317380	0.0600000000	70.0000000000	0.0166590000	0.0009550000	-0.0868470000	0.0884354890	2	20032018	40625
2.9000317380	0.0900000000	340.0000000000	0.0210670000	0.0021790000	-0.0856980000	0.0882763487	3	20032018	40625
2.9000317380	0.1200000000	250.0000000000	0.0261440000	-0.0007540000	-0.0822480000	0.0863064931	4	20032018	40625
2.9000317380	0.1500000000	70.0000000000	0.0369780000	0.0013090000	-0.0736320000	0.0824060519	5	20032018	40625
2.9500144040	0.0000000000	0.0000000000	0.0008785390	0.0031973455	-0.1155550000	0.1156025643	0	20032018	40627
2.9500144040	0.0300000000	340.0000000000	0.0062530000	0.0027170000	-0.1150970000	0.1152987489	1	20032018	40627
2.9500144040	0.0600000000	70.0000000000	0.0204340000	0.0012430000	-0.1138860000	0.1157113408	2	20032018	40627
2.9500144040	0.0900000000	340.0000000000	0.0260920000	0.0025240000	-0.1128870000	0.1158906287	3	20032018	40627
2.9500144040	0.1200000000	250.0000000000	0.0330740000	-0.0011270000	-0.1098240000	0.1147016590	4	20032018	40627
2.9500144040	0.1500000000	70.0000000000	0.0492640000	0.0016800000	-0.1009540000	0.1123453346	5	20032018	40627
3.0000241700	0.0000000000	0.0000000000	0.0008599315	0.0035467833	-0.1456810000	0.1457267063	0	20032018	40629
3.0000241700	0.0300000000	340.0000000000	0.0065970000	0.0028900000	-0.1453970000	0.1455752730	1	20032018	40629
3.0000241700	0.0600000000	70.0000000000	0.0223180000	0.0015280000	-0.1459270000	0.1476316946	2	20032018	40629
3.0000241700	0.0900000000	340.0000000000	0.0290580000	0.0027630000	-0.1459670000	0.1488568662	3	20032018	40629
3.0000241700	0.1200000000	250.0000000000	0.0377760000	-0.0013270000	-0.1446980000	0.1495536636	4	20032018	40629
3.0000241700	0.1500000000	70.0000000000	0.0608260000	0.0021140000	-0.1406250000	0.1532307472	5	20032018	40629
3.0500114750	0.0000000000	0.0000000000	0.0008040200	0.0031329489	-0.1755320000	0.1755617978	0	20032018	40631
3.0500114750	0.0300000000	340.0000000000	0.0056420000	0.0025140000	-0.1757730000	0.1758814939	1	20032018	40631
3.0500114750	0.0600000000	70.0000000000	0.0201520000	0.0015980000	-0.1790860000	0.1802233395	2	20032018	40631
3.0500114750	0.0900000000	340.0000000000	0.0267030000	0.0024820000	-0.1808730000	0.1828503559	3	20032018	40631
3.0500114750	0.1200000000	250.0000000000	0.0353960000	-0.0014300000	-0.1834100000	0.1867997586	4	20032018	40631
3.0500114750	0.1500000000	70.0000000000	0.0610590000	0.0021450000	-0.1919140000	0.2014045330	5	20032018	40631
3.1000083010	0.0000000000	0.0000000000	0.0007597269	0.0021370372	-0.1985930000	0.1986059510	0	20032018	40633
3.1000083010	0.0300000000	340.0000000000	0.0030510000	0.0015640000	-0.1993390000	0.1993684820	1	20032018	40633
3.1000083010	0.0600000000	70.0000000000	0.0124440000	0.0012860000	-0.2053780000	0.2057586689	2	20032018	40633
3.1000083010	0.0900000000	340.0000000000	0.0170450000	0.0015200000	-0.2090350000	0.2097342930	3	20032018	40633
3.1000083010	0.1200000000	250.0000000000	0.0225360000	-0.0012490000	-0.2157600000	0.2169373386	4	20032018	40633
3.1000083010	0.1500000000	70.0000000000	0.0394370000	0.0015150000	-0.2382030000	0.2414502876	5	20032018	40633
3.1500227050	0.0000000000	0.0000000000	0.0006863658	0.0004940436	-0.2087440000	0.2087457130	0	20032018	40635
3.1500227050	0.0300000000	340.0000000000	-0.0006790000	0.0000810000	-0.2097480000	0.2097491147	1	20032018	40635
3.1500227050	0.0600000000	70.0000000000	0.0008540000	0.0007770000	-0.2171090000	0.2171120700	2	20032018	40635
3.1500227050	0.0900000000	340.0000000000	0.0020750000	0.0000850000	-0.2214560000	0.2214657373	3	20032018	40635
3.1500227050	0.1200000000	250.0000000000	0.0016190000	-0.0008690000	-0.2303590000	0.2303663283	4	20032018	40635
3.1500227050	0.1500000000	70.0000000000	0.0026110000	0.0002670000	-0.2586690000	0.2586823151	5	20032018	40635
3.2000085450	0.0000000000	0.0000000000	0.0006389602	-0.0012062852	-0.2028390000	0.2028435932	0	20032018	40637
3.2000085450	0.0300000000	340.0000000000	-0.0045760000	-0.0014900000	-0.2037520000	0.2038088256	1	20032018	40637
3.2000085450	0.0600000000	70.0000000000	-0.0111950000	0.0000640000	-0.2102500000	0.2105478440	2	20032018	40637
3.2000085450	0.0900000000	340.0000000000	-0.0135710000	-0.0012810000	-0.2138740000	0.2143079580	3	20032018	40637
3.2000085450	0.1200000000	250.0000000000	-0.0200700000	-0.0003140000	-0.2218050000	0.2227113862	4	20032018	40637
3.2000085450	0.1500000000	70.0000000000	-0.0352640000	-0.0010530000	-0.2459670000	0.2484842522	5	20032018	40637
3.2500134280	0.0000000000	0.0000000000	0.0005892813	-0.0025035272	-0.1827290000	0.1827470994	0	20032018	40639
3.2500134280	0.0300000000	340.0000000000	-0.0073220000	-0.0025670000	-0.1831780000	0.1833422506	1	20032018	40639
3.2500134280	0.0600000000	70.0000000000	-0.0198610000	-0.0004840000	-0.1872200000	0.1882711395	2	20032018	40639
3.2500134280	0.0900000000	340.0000000000	-0.0248070000	-0.0022430000	-0.1890120000	0.1906461498	3	20032018	40639
3.2500134280	0.1200000000	250.0000000000	-0.0351810000	0.0001780000	-0.1931010000	0.1962797255	4	20032018	40639
3.2500134280	0.1500000000	70.0000000000	-0.0607440000	-0.0020080000	-0.2045710000	0.2134084339	5	20032018	40639
3.3000356450	0.0000000000	0.0000000000	0.0005371527	-0.0031262532	-0.1541020000	0.1541346437	0	20032018	40641
3.3000356450	0.0300000000	340.0000000000	-0.0082870000	-0.0031860000	-0.1540960000	0.1543515539	1	20032018	40641
3.3000356450	0.0600000000	70.0000000000	-0.0229520000	-0.0007120000	-0.1551510000	0.1568411108	2	20032018	40641
3.3000356450	0.0900000000	340.0000000000	-0.0286800000	-0.0025940000	-0.1550080000	0.1576602401	3	20032018	40641
3.3000356450	0.1200000000	250.0000000000	-0.0397870000	0.0005050000	-0.1548960000	0.1599250800	4	20032018	40641
3.3000356450	0.1500000000	70.0000000000	-0.0642460000	-0.0021530000	-0.1526170000	0.1656023328	5	20032018	40641
3.3500073240	0.0000000000	0.0000000000	0.0004467107	-0.0030092649	-0.1236580000	0.1236954170	0	20032018	40643
3.3500073240	0.0300000000	340.0000000000	-0.0078740000	-0.0029850000	-0.1233010000	0.1235882143	1	20032018	40643
3.3500073240	0.0600000000	70.0000000000	-0.0216840000	-0.0008380000	-0.1225140000	0.1244209721	2	20032018	40643
3.3500073240	0.0900000000	340.0000000000	-0.0266310000	-0.0023720000	-0.1211890000	0.1241032242	3	20032018	40643
3.3500073240	0.1200000000	250.0000000000	-0.0359530000	0.0005300000	-0.1185660000	0.1238983271	4	20032018	40643
3.3500073240	0.1500000000	70.0000000000	-0.0535530000	-0.0018380000	-0.1100490000	0.1224013254	5	20032018	40643
3.4000437010	0.0000000000	0.0000000000	0.0005743775	-0.0026321891	-0.0960960000	0.0961337586	0	20032018	40645
3.4000437010	0.0300000000	340.0000000000	-0.0067020000	-0.0026080000	-0.0955200000	0.0957903381	1	20032018	40645
3.4000437010	0.0600000000	70.0000000000	-0.0181500000	-0.0007750000	-0.0938830000	0.0956244781	2	20032018	40645
3.4000437010	0.0900000000	340.0000000000	-0.0219810000	-0.0020010000	-0.0923880000	0.0949879514	3	20032018	40645
3.4000437010	0.1200000000	250.0000000000	-0.0290770000	0.0005310000	-0.0890760000	0.0937031892	4	20032018	40645
3.4000437010	0.1500000000	70.0000000000	-0.0408070000	-0.0013930000	-0.0802560000	0.0900454176	5	20032018	40645
3.4500263670	0.0000000000	0.0000000000	0.0005258036	-0.0022101221	-0.0734510000	0.0734861246	0	20032018	40648
3.4500263670	0.0300000000	340.0000000000	-0.0053290000	-0.0020210000	-0.0730010000	0.0732231431	1	20032018	40648
3.4500263670	0.0600000000	70.0000000000	-0.0141710000	-0.0006900000	-0.0713320000	0.0727292758	2	20032018	40648
3.4500263670	0.0900000000	340.0000000000	-0.0171230000	-0.0015550000	-0.0700310000	0.0721107212	3	20032018	40648
3.4500263670	0.1200000000	250.0000000000	-0.0223460000	0.0004780000	-0.0670200000	0.0706487976	4	20032018	40648
3.4500263670	0.1500000000	70.0000000000	-0.0304250000	-0.0010530000	-0.0599050000	0.0671967146	5	20032018	40648
3.5000217290	0.0000000000	0.0000000000	0.0004772400	-0.0017529410	-0.0557340000	0.0557636021	0	20032018	40650
3.5000217290	0.0300000000	340.0000000000	-0.0041400000	-0.0016000000	-0.0553160000	0.0554937785	1	20032018	40650
3.5000217290	0.0600000000	70.0000000000	-0.0107660000	-0.0005930000	-0.0538560000	0.0549247407	2	20032018	40650
3.5000217290	0.0900000000	340.0000000000	-0.0129410000	-0.0011520000	-0.0529520000	0.0545225723	3	20032018	40650
3.5000217290	0.1200000000	250.0000000000	-0.0167820000	0.0003990000	-0.0505140000	0.0532302444	4	20032018	40650
3.5000217290	0.1500000000	70.0000000000	-0.0228180000	-0.0007780000	-0.0449120000	0.0503820817	5	20032018	40650
3.5500266110	0.0000000000	0.0000000000	0.0005248740	-0.0013062968	-0.0424060000	0.0424293618	0	20032018	40652
3.5500266110	0.0300000000	340.0000000000	-0.0031950000	-0.0012420000	-0.0420260000	0.0421655697	1	20032018	40652
3.5500266110	0.0600000000	70.0000000000	-0.0079870000	-0.0004290000	-0.0408000000	0.0415766306	2	20032018	40652
3.5500266110	0.0900000000	340.0000000000	-0.0095680000	-0.0008730000	-0.0402410000	0.0413720538	3	20032018	40652
3.5500266110	0.1200000000	250.0000000000	-0.0125090000	0.0003460000	-0.0381110000	0.0401128797	4	20032018	40652
3.5500266110	0.1500000000	70.0000000000	-0.0168820000	-0.0005910000	-0.0338450000	0.0378263827	5	20032018	40652
3.6000346680	0.0000000000	0.0000000000	0.0004648752	-0.0010939712	-0.0325000000	0.0325217294	0	20032018	40654
3.6000346680	0.0300000000	340.0000000000	-0.0023670000	-0.0009580000	-0.0321500000	0.0322512473	1	20032018	40654
3.6000346680	0.0600000000	70.0000000000	-0.0058690000	-0.0004030000	-0.0311530000	0.0317035799	2	20032018	40654
3.6000346680	0.0900000000	340.0000000000	-0.0069840000	-0.0005860000	-0.0308770000	0.0316624191	3	20032018	40654
3.6000346680	0.1200000000	250.0000000000	-0.0090380000	0.0002630000	-0.0291460000	0.0305162896	4	20032018	40654
3.6000346680	0.1500000000	70.0000000000	-0.0121900000	-0.0004160000	-0.0257110000	0.0284574187	5	20032018	40654
3.6500141600	0.0000000000	0.0000000000	0.0004628092	-0.0008569718	-0.0253580000	0.0253766971	0	20032018	40656
3.6500141600	0.0300000000	340.0000000000	-0.0017940000	-0.0006950000	-0.0251180000	0.0251915737	1	20032018	40656
3.6500141600	0.0600000000	70.0000000000	-0.0042280000	-0.0003600000	-0.0243860000	0.0247524257	2	20032018	40656
3.6500141600	0.0900000000	340.0000000000	-0.0050050000	-0.0004070000	-0.0242640000	0.0247781632	3	20032018	40656
3.6500141600	0.1200000000	250.0000000000	-0.0065070000	0.0002780000	-0.0229300000	0.0238370139	4	20032018	40656
3.6500141600	0.1500000000	70.0000000000	-0.0084770000	-0.0003840000	-0.0203870000	0.0220824988	5	20032018	40656
3.7000300290	0.0000000000	0.0000000000	0.0004467238	-0.0006467951	-0.0201000000	0.0201153649	0	20032018	40658
3.7000300290	0.0300000000	340.0000000000	-0.0013960000	-0.0005770000	-0.0198690000	0.0199263370	1	20032018	40658
3.7000300290	0.0600000000	70.0000000000	-0.0030870000	-0.0003200000	-0.0193720000	0.0196190304	2	20032018	40658
3.7000300290	0.0900000000	340.0000000000	-0.0035900000	-0.0002820000	-0.0195140000	0.0198434831	3	20032018	40658
3.7000300290	0.1200000000	250.0000000000	-0.0046720000	0.0001510000	-0.0184780000	0.0190600858	4	20032018	40658
3.7000300290	0.1500000000	70.0000000000	-0.0059590000	-0.0001800000	-0.0167060000	0.0177378837	5	20032018	40658
3.7500141600	0.0000000000	0.0000000000	0.0004883708	-0.0005119043	-0.0163650000	0.0163802862	0	20032018	40700
3.7500141600	0.0300000000	340.0000000000	-0.0010900000	-0.0004600000	-0.0161730000	0.0162162150	1	20032018	40700
3.7500141600	0.0600000000	70.0000000000	-0.0022830000	-0.0002680000	-0.0158740000	0.0160395695	2	20032018	40700
3.7500141600	0.0900000000	340.0000000000	-0.0026520000	-0.0002140000	-0.0161290000	0.0163469735	3	20032018	40700
3.7500141600	0.1200000000	250.0000000000	-0.0034870000	0.0002230000	-0.0152870000	0.0156812393	4	20032018	40700
3.7500141600	0.1500000000	70.0000000000	-0.0046690000	-0.0001350000	-0.0143560000	0.0150967719	5	20032018	40700
3.8000190430	0.0000000000	0.0000000000	0.0005149447	-0.0005002928	-0.0134780000	0.0134971088	0	20032018	40702
3.8000190430	0.0300000000	340.0000000000	-0.0008360000	-0.0004490000	-0.0132470000	0.0132809452	1	20032018	40702
3.8000190430	0.0600000000	70.0000000000	-0.0017640000	-0.0002360000	-0.0130490000	0.0131698061	2	20032018	40702
3.8000190430	0.0900000000	340.0000000000	-0.0020460000	-0.0001440000	-0.0133380000	0.0134947803	3	20032018	40702
3.8000190430	0.1200000000	250.0000000000	-0.0027830000	0.0002360000	-0.0126680000	0.0129722399	4	20032018	40702
3.8000190430	0.1500000000	70.0000000000	-0.0038290000	-0.0001250000	-0.0119610000	0.0125595536	5	20032018	40702
3.8500317380	0.0000000000	0.0000000000	0.0004851406	-0.0004564555	-0.0111850000	0.0112048176	0	20032018	40704
3.8500317380	0.0300000000	340.0000000000	-0.0008310000	-0.0003600000	-0.0109880000	0.0110252576	1	20032018	40704
3.8500317380	0.0600000000	70.0000000000	-0.0014330000	-0.0002500000	-0.0108080000	0.0109054506	2	20032018	40704
3.8500317380	0.0900000000	340.0000000000	-0.0015950000	-0.0001110000	-0.0112020000	0.0113155269	3	20032018	40704
3.8500317380	0.1200000000	250.0000000000	-0.0022150000	0.0001330000	-0.0105840000	0.0108141098	4	20032018	40704
3.8500317380	0.1500000000	70.0000000000	-0.0030670000	-0.0001440000	-0.0099260000	0.0103900289	5	20032018	40704
3.9000144040	0.0000000000	0.0000000000	0.0004655072	-0.0003992932	-0.0095080000	0.0095277592	0	20032018	40707
3.9000144040	0.0300000000	340.0000000000	-0.0006460000	-0.0003120000	-0.0092920000	0.0093196526	1	20032018	40707
3.9000144040	0.0600000000	70.0000000000	-0.0011780000	-0.0002620000	-0.0091770000	0.0092560065	2	20032018	40707
3.9000144040	0.0900000000	340.0000000000	-0.0012490000	-0.0000830000	-0.0095260000	0.0096078908	3	20032018	40707
3.9000144040	0.1200000000	250.0000000000	-0.0017970000	0.0001540000	-0.0089600000	0.0091397224	4	20032018	40707
3.9000144040	0.1500000000	70.0000000000	-0.0024920000	-0.0000550000	-0.0084720000	0.0088310743	5	20032018	40707
3.9500192870	0.0000000000	0.0000000000	0.0005426553	-0.0004007683	-0.0080550000	0.0080831996	0	20032018	40709
3.9500192870	0.0300000000	340.0000000000	-0.0005410000	-0.0003020000	-0.0078970000	0.0079212685	1	20032018	40709
3.9500192870	0.0600000000	70.0000000000	-0.0008970000	-0.0001380000	-0.0077180000	0.0077711760	2	20032018	40709
3.9500192870	0.0900000000	340.0000000000	-0.0010010000	-0.0000520000	-0.0082200000	0.0082808879	3	20032018	40709
3.9500192870	0.1200000000	250.0000000000	-0.0014610000	0.0001520000	-0.0076800000	0.0078192087	4	20032018	40709
3.9500192870	0.1500000000	70.0000000000	-0.0020800000	-0.0000100000	-0.0072070000	0.0075011565	5	20032018	40709
4.0000051270	0.0000000000	0.0000000000	0.0005076448	-0.0003390734	-0.0068950000	0.0069219722	0	20032018	40711
4.0000051270	0.0300000000	340.0000000000	-0.0005300000	-0.0002560000	-0.0066940000	0.0067198268	1	20032018	40711
4.0000051270	0.0600000000	70.0000000000	-0.0007760000	-0.0002480000	-0.0065960000	0.0066461189	2	20032018	40711
4.0000051270	0.0900000000	340.0000000000	-0.0008080000	-0.0000850000	-0.0070910000	0.0071373924	3	20032018	40711
4.0000051270	0.1200000000	250.0000000000	-0.0012700000	0.0001580000	-0.0065510000	0.0066748382	4	20032018	40711
4.0000051270	0.1500000000	70.0000000000	-0.0018000000	-0.0001080000	-0.0062430000	0.0064982084	5	20032018	40711
4.0500163570	0.0000000000	0.0000000000	0.0004930450	-0.0003060909	-0.0058910000	0.0059195157	0	20032018	40713
4.0500163570	0.0300000000	340.0000000000	-0.0004850000	-0.0001960000	-0.0057640000	0.0057876884	1	20032018	40713
4.0500163570	0.0600000000	70.0000000000	-0.0006360000	-0.0002530000	-0.0056310000	0.0056724480	2	20032018	40713
4.0500163570	0.0900000000	340.0000000000	-0.0006600000	-0.0000330000	-0.0061110000	0.0061466259	3	20032018	40713
4.0500163570	0.1200000000	250.0000000000	-0.0010340000	0.0001250000	-0.0056110000	0.0057068469	4	20032018	40713
4.0500163570	0.1500000000	70.0000000000	-0.0014760000	-0.0000320000	-0.0053970000	0.0055952845	5	20032018	40713
4.1000415040	0.0000000000	0.0000000000	0.0004989354	-0.0003220691	-0.0050910000	0.0051255191	0	20032018	40715
4.1000415040	0.0300000000	340.0000000000	-0.0004570000	-0.0002480000	-0.0048730000	0.0049006614	1	20032018	40715
4.1000415040	0.0600000000	70.0000000000	-0.0004730000	-0.0001670000	-0.0047730000	0.0047992861	2	20032018	40715
4.1000415040	0.0900000000	340.0000000000	-0.0005950000	-0.0000550000	-0.0052570000	0.0052908505	3	20032018	40715
4.1000415040	0.1200000000	250.0000000000	-0.0008660000	0.0001630000	-0.0047920000	0.0048723494	4	20032018	40715
4.1000415040	0.1500000000	70.0000000000	-0.0011660000	-0.0000410000	-0.0045950000	0.0047408082	5	20032018	40715
