#z (m)	r (m)	phi (deg) 	Br (T)	Bphi (T)	Bz (T)	B (T)	probeID	Date (DDMMYYY)	Time (24-HH:MM:SS)
0.1000191650	0.0000000000	0.0000000000	0.0005460581	-0.0001604385	-0.0044200000	0.0044564919	0	20032018	75038
0.1000191650	0.0300000000	340.0000000000	0.0000210000	-0.0000820000	-0.0042840000	0.0042848362	1	20032018	75038
0.1000191650	0.0600000000	70.0000000000	0.0005660000	-0.0002510000	-0.0042490000	0.0042938745	2	20032018	75038
0.1000191650	0.0900000000	340.0000000000	0.0008400000	0.0000900000	-0.0045970000	0.0046739821	3	20032018	75038
0.1000191650	0.1200000000	250.0000000000	0.0008600000	0.0000900000	-0.0041730000	0.0042616463	4	20032018	75038
0.1000191650	0.1500000000	70.0000000000	0.0011000000	-0.0000700000	-0.0037740000	0.0039316633	5	20032018	75038
0.1500398410	0.0000000000	0.0000000000	0.0005568231	-0.0001600999	-0.0054250000	0.0054558509	0	20032018	75041
0.1500398410	0.0300000000	340.0000000000	0.0000230000	-0.0000620000	-0.0053010000	0.0053014125	1	20032018	75041
0.1500398410	0.0600000000	70.0000000000	0.0006970000	-0.0001580000	-0.0050920000	0.0051419099	2	20032018	75041
0.1500398410	0.0900000000	340.0000000000	0.0010460000	0.0001370000	-0.0054840000	0.0055845448	3	20032018	75041
0.1500398410	0.1200000000	250.0000000000	0.0011100000	0.0000750000	-0.0050420000	0.0051632828	4	20032018	75041
0.1500398410	0.1500000000	70.0000000000	0.0014390000	0.0000090000	-0.0045440000	0.0047664177	5	20032018	75041
0.2000225070	0.0000000000	0.0000000000	0.0005202131	-0.0000180095	-0.0067470000	0.0067670492	0	20032018	75043
0.2000225070	0.0300000000	340.0000000000	0.0001490000	-0.0000920000	-0.0065450000	0.0065473422	1	20032018	75043
0.2000225070	0.0600000000	70.0000000000	0.0010150000	-0.0002230000	-0.0064410000	0.0065242957	2	20032018	75043
0.2000225070	0.0900000000	340.0000000000	0.0013970000	0.0001760000	-0.0067320000	0.0068776747	3	20032018	75043
0.2000225070	0.1200000000	250.0000000000	0.0014910000	0.0000350000	-0.0062590000	0.0064342355	4	20032018	75043
0.2000225070	0.1500000000	70.0000000000	0.0019580000	0.0000010000	-0.0055700000	0.0059041227	5	20032018	75043
0.2500115050	0.0000000000	0.0000000000	0.0005656673	-0.0000100773	-0.0085610000	0.0085796738	0	20032018	75045
0.2500115050	0.0300000000	340.0000000000	0.0003570000	0.0000470000	-0.0083650000	0.0083727464	1	20032018	75045
0.2500115050	0.0600000000	70.0000000000	0.0014170000	-0.0001700000	-0.0081290000	0.0082533284	2	20032018	75045
0.2500115050	0.0900000000	340.0000000000	0.0018400000	0.0001680000	-0.0084000000	0.0086008037	3	20032018	75045
0.2500115050	0.1200000000	250.0000000000	0.0020790000	0.0001520000	-0.0076870000	0.0079646289	4	20032018	75045
0.2500115050	0.1500000000	70.0000000000	0.0026370000	-0.0000160000	-0.0069040000	0.0073904831	5	20032018	75045
0.3000337520	0.0000000000	0.0000000000	0.0006168632	0.0000574873	-0.0109740000	0.0109914740	0	20032018	75047
0.3000337520	0.0300000000	340.0000000000	0.0005500000	0.0001860000	-0.0108370000	0.0108525419	1	20032018	75047
0.3000337520	0.0600000000	70.0000000000	0.0019560000	-0.0002140000	-0.0104500000	0.0106336368	2	20032018	75047
0.3000337520	0.0900000000	340.0000000000	0.0026300000	0.0002690000	-0.0105970000	0.0109217979	3	20032018	75047
0.3000337520	0.1200000000	250.0000000000	0.0028520000	0.0000510000	-0.0098470000	0.0102518249	4	20032018	75047
0.3000337520	0.1500000000	70.0000000000	0.0038030000	0.0000270000	-0.0086540000	0.0094527908	5	20032018	75047
0.3500069270	0.0000000000	0.0000000000	0.0007033563	0.0001664778	-0.0145230000	0.0145409750	0	20032018	75049
0.3500069270	0.0300000000	340.0000000000	0.0008240000	0.0002230000	-0.0142510000	0.0142765439	1	20032018	75049
0.3500069270	0.0600000000	70.0000000000	0.0027670000	-0.0001420000	-0.0137540000	0.0140302876	2	20032018	75049
0.3500069270	0.0900000000	340.0000000000	0.0036170000	0.0003520000	-0.0137760000	0.0142472723	3	20032018	75049
0.3500069270	0.1200000000	250.0000000000	0.0041170000	0.0000870000	-0.0127750000	0.0134222905	4	20032018	75049
0.3500069270	0.1500000000	70.0000000000	0.0053820000	0.0000850000	-0.0110700000	0.0123092668	5	20032018	75049
0.4000149230	0.0000000000	0.0000000000	0.0007499885	0.0004027794	-0.0195390000	0.0195575365	0	20032018	75051
0.4000149230	0.0300000000	340.0000000000	0.0013990000	0.0004290000	-0.0191090000	0.0191649452	1	20032018	75051
0.4000149230	0.0600000000	70.0000000000	0.0040430000	-0.0001230000	-0.0184160000	0.0188549737	2	20032018	75051
0.4000149230	0.0900000000	340.0000000000	0.0052020000	0.0005280000	-0.0181720000	0.0189092880	3	20032018	75051
0.4000149230	0.1200000000	250.0000000000	0.0058730000	0.0001170000	-0.0169640000	0.0179522454	4	20032018	75051
0.4000149230	0.1500000000	70.0000000000	0.0075980000	0.0000990000	-0.0143270000	0.0162173467	5	20032018	75051
0.4500213320	0.0000000000	0.0000000000	0.0009400136	0.0007465169	-0.0268690000	0.0268958003	0	20032018	75053
0.4500213320	0.0300000000	340.0000000000	0.0020870000	0.0007240000	-0.0263810000	0.0264733244	1	20032018	75053
0.4500213320	0.0600000000	70.0000000000	0.0059600000	-0.0001490000	-0.0252230000	0.0259180155	2	20032018	75053
0.4500213320	0.0900000000	340.0000000000	0.0076100000	0.0007790000	-0.0246560000	0.0258154465	3	20032018	75053
0.4500213320	0.1200000000	250.0000000000	0.0086590000	0.0000620000	-0.0229620000	0.0245404884	4	20032018	75053
0.4500213320	0.1500000000	70.0000000000	0.0110860000	0.0002010000	-0.0190910000	0.0220772751	5	20032018	75053
0.5000071720	0.0000000000	0.0000000000	0.0009956142	0.0012647539	-0.0376360000	0.0376704041	0	20032018	75055
0.5000071720	0.0300000000	340.0000000000	0.0032200000	0.0011950000	-0.0369910000	0.0371501078	1	20032018	75055
0.5000071720	0.0600000000	70.0000000000	0.0088390000	-0.0000460000	-0.0352590000	0.0363500635	2	20032018	75055
0.5000071720	0.0900000000	340.0000000000	0.0112740000	0.0011200000	-0.0341680000	0.0359973568	3	20032018	75055
0.5000071720	0.1200000000	250.0000000000	0.0129360000	0.0000400000	-0.0318500000	0.0343767973	4	20032018	75055
0.5000071720	0.1500000000	70.0000000000	0.0165710000	0.0002080000	-0.0258170000	0.0306783115	5	20032018	75055
0.5500437010	0.0000000000	0.0000000000	0.0013089738	0.0020701499	-0.0536790000	0.0537348488	0	20032018	75057
0.5500437010	0.0300000000	340.0000000000	0.0049160000	0.0018820000	-0.0527980000	0.0530597567	1	20032018	75057
0.5500437010	0.0600000000	70.0000000000	0.0132120000	0.0000850000	-0.0503080000	0.0520140273	2	20032018	75057
0.5500437010	0.0900000000	340.0000000000	0.0167780000	0.0016910000	-0.0484380000	0.0512893811	3	20032018	75057
0.5500437010	0.1200000000	250.0000000000	0.0194020000	0.0000650000	-0.0451870000	0.0491762829	4	20032018	75057
0.5500437010	0.1500000000	70.0000000000	0.0251700000	0.0004490000	-0.0359170000	0.0438607044	5	20032018	75057
0.6000089110	0.0000000000	0.0000000000	0.0016146914	0.0030358257	-0.0770480000	0.0771246898	0	20032018	75100
0.6000089110	0.0300000000	340.0000000000	0.0071260000	0.0030150000	-0.0759220000	0.0763152684	1	20032018	75100
0.6000089110	0.0600000000	70.0000000000	0.0194080000	0.0002720000	-0.0724360000	0.0749914565	2	20032018	75100
0.6000089110	0.0900000000	340.0000000000	0.0247100000	0.0025940000	-0.0698030000	0.0740929939	3	20032018	75100
0.6000089110	0.1200000000	250.0000000000	0.0288040000	0.0000510000	-0.0654590000	0.0715161080	4	20032018	75100
0.6000089110	0.1500000000	70.0000000000	0.0382850000	0.0007120000	-0.0518050000	0.0644205417	5	20032018	75100
0.6500169070	0.0000000000	0.0000000000	0.0021392051	0.0045646296	-0.1107270000	0.1108416915	0	20032018	75102
0.6500169070	0.0300000000	340.0000000000	0.0100620000	0.0042520000	-0.1093690000	0.1099131544	1	20032018	75102
0.6500169070	0.0600000000	70.0000000000	0.0277900000	0.0005270000	-0.1049590000	0.1085769474	2	20032018	75102
0.6500169070	0.0900000000	340.0000000000	0.0353500000	0.0037300000	-0.1014840000	0.1075292409	3	20032018	75102
0.6500169070	0.1200000000	250.0000000000	0.0417300000	-0.0000380000	-0.0960730000	0.1047445257	4	20032018	75102
0.6500169070	0.1500000000	70.0000000000	0.0576030000	0.0011050000	-0.0770520000	0.0962098609	5	20032018	75102
0.7000439450	0.0000000000	0.0000000000	0.0025915732	0.0065442993	-0.1570750000	0.1572326293	0	20032018	75104
0.7000439450	0.0300000000	340.0000000000	0.0134380000	0.0060460000	-0.1555650000	0.1562613298	1	20032018	75104
0.7000439450	0.0600000000	70.0000000000	0.0378630000	0.0009820000	-0.1504420000	0.1551366058	2	20032018	75104
0.7000439450	0.0900000000	340.0000000000	0.0482340000	0.0053020000	-0.1467960000	0.1546082002	3	20032018	75104
0.7000439450	0.1200000000	250.0000000000	0.0573230000	-0.0002490000	-0.1408200000	0.1520403260	4	20032018	75104
0.7000439450	0.1500000000	70.0000000000	0.0831450000	0.0017260000	-0.1179730000	0.1443388334	5	20032018	75104
0.7500266110	0.0000000000	0.0000000000	0.0031270764	0.0085447908	-0.2174910000	0.2176812512	0	20032018	75106
0.7500266110	0.0300000000	340.0000000000	0.0169360000	0.0078260000	-0.2160360000	0.2168400970	1	20032018	75106
0.7500266110	0.0600000000	70.0000000000	0.0484850000	0.0015560000	-0.2110890000	0.2165912793	2	20032018	75106
0.7500266110	0.0900000000	340.0000000000	0.0615840000	0.0068400000	-0.2077270000	0.2167714953	3	20032018	75106
0.7500266110	0.1200000000	250.0000000000	0.0736310000	-0.0005060000	-0.2017390000	0.2147566165	4	20032018	75106
0.7500266110	0.1500000000	70.0000000000	0.1103760000	0.0023560000	-0.1795730000	0.2107958122	5	20032018	75106
0.8000156250	0.0000000000	0.0000000000	0.0035558761	0.0105649640	-0.2922600000	0.2924725121	0	20032018	75108
0.8000156250	0.0300000000	340.0000000000	0.0202090000	0.0096920000	-0.2909690000	0.2918309399	1	20032018	75108
0.8000156250	0.0600000000	70.0000000000	0.0585900000	0.0021880000	-0.2863980000	0.2923378009	2	20032018	75108
0.8000156250	0.0900000000	340.0000000000	0.0738790000	0.0084110000	-0.2833740000	0.2929670211	3	20032018	75108
0.8000156250	0.1200000000	250.0000000000	0.0881770000	-0.0010520000	-0.2776280000	0.2912964065	4	20032018	75108
0.8000156250	0.1500000000	70.0000000000	0.1322730000	0.0031050000	-0.2595970000	0.2913698508	5	20032018	75108
0.8500188600	0.0000000000	0.0000000000	0.0039753306	0.0127641279	-0.3817850000	0.3820189949	0	20032018	75110
0.8500188600	0.0300000000	340.0000000000	0.0233720000	0.0115670000	-0.3802240000	0.3811172209	1	20032018	75110
0.8500188600	0.0600000000	70.0000000000	0.0687160000	0.0029120000	-0.3755250000	0.3817713897	2	20032018	75110
0.8500188600	0.0900000000	340.0000000000	0.0857360000	0.0098610000	-0.3720230000	0.3819018376	3	20032018	75110
0.8500188600	0.1200000000	250.0000000000	0.1019070000	-0.0016860000	-0.3655920000	0.3795331207	4	20032018	75110
0.8500188600	0.1500000000	70.0000000000	0.1477930000	0.0035910000	-0.3483330000	0.3784065869	5	20032018	75110
0.9000173340	0.0000000000	0.0000000000	0.0043707158	0.0153328087	-0.4875460000	0.4878066218	0	20032018	75112
0.9000173340	0.0300000000	340.0000000000	0.0273130000	0.0137590000	-0.4855260000	0.4864882390	1	20032018	75112
0.9000173340	0.0600000000	70.0000000000	0.0811190000	0.0037720000	-0.4793240000	0.4861543141	2	20032018	75112
0.9000173340	0.0900000000	340.0000000000	0.1003440000	0.0116110000	-0.4739470000	0.4845920887	3	20032018	75112
0.9000173340	0.1200000000	250.0000000000	0.1189710000	-0.0025560000	-0.4650110000	0.4799956897	4	20032018	75112
0.9000173340	0.1500000000	70.0000000000	0.1673030000	0.0044200000	-0.4401260000	0.4708723034	5	20032018	75112
0.9500142820	0.0000000000	0.0000000000	0.0048651381	0.0188285237	-0.6147590000	0.6150665094	0	20032018	75114
0.9500142820	0.0300000000	340.0000000000	0.0327470000	0.0165540000	-0.6118900000	0.6129892112	1	20032018	75114
0.9500142820	0.0600000000	70.0000000000	0.0986070000	0.0048800000	-0.6032350000	0.6112606809	2	20032018	75114
0.9500142820	0.0900000000	340.0000000000	0.1216200000	0.0139620000	-0.5948340000	0.6073004606	3	20032018	75114
0.9500142820	0.1200000000	250.0000000000	0.1449630000	-0.0037450000	-0.5819180000	0.5997139778	4	20032018	75114
0.9500142820	0.1500000000	70.0000000000	0.2020360000	0.0056660000	-0.5430370000	0.5794306104	5	20032018	75114
1.0000364990	0.0000000000	0.0000000000	0.0055848859	0.0233000196	-0.7710270000	0.7713991941	0	20032018	75116
1.0000364990	0.0300000000	340.0000000000	0.0402510000	0.0206040000	-0.7673450000	0.7686761456	1	20032018	75116
1.0000364990	0.0600000000	70.0000000000	0.1226930000	0.0062230000	-0.7561570000	0.7660716067	2	20032018	75116
1.0000364990	0.0900000000	340.0000000000	0.1514910000	0.0172950000	-0.7447400000	0.7601883370	3	20032018	75116
1.0000364990	0.1200000000	250.0000000000	0.1825360000	-0.0051260000	-0.7276140000	0.7501785122	4	20032018	75116
1.0000364990	0.1500000000	70.0000000000	0.2574920000	0.0075590000	-0.6718380000	0.7195314912	5	20032018	75116
1.0500191650	0.0000000000	0.0000000000	0.0065175186	0.0288593065	-0.9641500000	0.9646038358	0	20032018	75118
1.0500191650	0.0300000000	340.0000000000	0.0490150000	0.0254850000	-0.9599770000	0.9615652843	1	20032018	75118
1.0500191650	0.0600000000	70.0000000000	0.1521660000	0.0079450000	-0.9484630000	0.9606246285	2	20032018	75118
1.0500191650	0.0900000000	340.0000000000	0.1887110000	0.0215900000	-0.9351930000	0.9542871250	3	20032018	75118
1.0500191650	0.1200000000	250.0000000000	0.2305610000	-0.0068420000	-0.9160000000	0.9445957800	4	20032018	75118
1.0500191650	0.1500000000	70.0000000000	0.3357740000	0.0100150000	-0.8457520000	0.9100224859	5	20032018	75118
1.1000208740	0.0000000000	0.0000000000	0.0075199755	0.0339174920	-1.1959820000	1.1964864774	0	20032018	75121
1.1000208740	0.0300000000	340.0000000000	0.0569700000	0.0299530000	-1.1923120000	1.1940480176	1	20032018	75121
1.1000208740	0.0600000000	70.0000000000	0.1801780000	0.0094290000	-1.1858770000	1.1995237709	2	20032018	75121
1.1000208740	0.0900000000	340.0000000000	0.2257170000	0.0258030000	-1.1739730000	1.1957535547	3	20032018	75121
1.1000208740	0.1200000000	250.0000000000	0.2802200000	-0.0085670000	-1.1588230000	1.1922530718	4	20032018	75121
1.1000208740	0.1500000000	70.0000000000	0.4297220000	0.0129390000	-1.0899530000	1.1716765583	5	20032018	75121
1.1500224610	0.0000000000	0.0000000000	0.0083287182	0.0368412073	-1.4544110000	1.4549013709	0	20032018	75123
1.1500224610	0.0300000000	340.0000000000	0.0600130000	0.0323450000	-1.4526340000	1.4542328896	1	20032018	75123
1.1500224610	0.0600000000	70.0000000000	0.1941500000	0.0103190000	-1.4589250000	1.4718229717	2	20032018	75123
1.1500224610	0.0900000000	340.0000000000	0.2458420000	0.0286020000	-1.4539150000	1.4748305634	3	20032018	75123
1.1500224610	0.1200000000	250.0000000000	0.3090170000	-0.0101600000	-1.4538320000	1.4863452547	4	20032018	75123
1.1500224610	0.1500000000	70.0000000000	0.5076590000	0.0150280000	-1.4245800000	1.5124059235	5	20032018	75123
1.2000098880	0.0000000000	0.0000000000	0.0087089935	0.0353949239	-1.7108410000	1.7112292583	0	20032018	75125
1.2000098880	0.0300000000	340.0000000000	0.0543700000	0.0308500000	-1.7120130000	1.7131539136	1	20032018	75125
1.2000098880	0.0600000000	70.0000000000	0.1795410000	0.0101040000	-1.7360620000	1.7453504890	2	20032018	75125
1.2000098880	0.0900000000	340.0000000000	0.2290330000	0.0276670000	-1.7423780000	1.7575843288	3	20032018	75125
1.2000098880	0.1200000000	250.0000000000	0.2860100000	-0.0106910000	-1.7664200000	1.7894567986	4	20032018	75125
1.2000098880	0.1500000000	70.0000000000	0.4940320000	0.0137830000	-1.8291280000	1.8947207785	5	20032018	75125
1.2500195310	0.0000000000	0.0000000000	0.0086075915	0.0293447343	-1.9272960000	1.9275386055	0	20032018	75127
1.2500195310	0.0300000000	340.0000000000	0.0398520000	0.0251480000	-1.9307800000	1.9313549679	1	20032018	75127
1.2500195310	0.0600000000	70.0000000000	0.1338240000	0.0084410000	-1.9678950000	1.9724580717	2	20032018	75127
1.2500195310	0.0900000000	340.0000000000	0.1704650000	0.0222760000	-1.9825770000	1.9900166073	3	20032018	75127
1.2500195310	0.1200000000	250.0000000000	0.2006060000	-0.0099230000	-2.0246470000	2.0345851439	4	20032018	75127
1.2500195310	0.1500000000	70.0000000000	0.3283510000	0.0071570000	-2.1689500000	2.1936749313	5	20032018	75127
1.3000101320	0.0000000000	0.0000000000	0.0078177065	0.0211251918	-2.0755250000	2.0756472282	0	20032018	75129
1.3000101320	0.0300000000	340.0000000000	0.0214090000	0.0172940000	-2.0794720000	2.0796541122	1	20032018	75129
1.3000101320	0.0600000000	70.0000000000	0.0755550000	0.0063900000	-2.1167510000	2.1181086342	2	20032018	75129
1.3000101320	0.0900000000	340.0000000000	0.0951730000	0.0148000000	-2.1304410000	2.1326171233	3	20032018	75129
1.3000101320	0.1200000000	250.0000000000	0.0934720000	-0.0085880000	-2.1692370000	2.1712668953	4	20032018	75129
1.3000101320	0.1500000000	70.0000000000	0.1125790000	-0.0003490000	-2.2977090000	2.3004653446	5	20032018	75129
1.3500117190	0.0000000000	0.0000000000	0.0071264025	0.0140244017	-2.1541500000	2.1542074394	0	20032018	75131
1.3500117190	0.0300000000	340.0000000000	0.0060970000	0.0105220000	-2.1567310000	2.1567652845	1	20032018	75131
1.3500117190	0.0600000000	70.0000000000	0.0293230000	0.0046240000	-2.1847000000	2.1849016705	2	20032018	75131
1.3500117190	0.0900000000	340.0000000000	0.0374200000	0.0086030000	-2.1906310000	2.1909674681	3	20032018	75131
1.3500117190	0.1200000000	250.0000000000	0.0178470000	-0.0072340000	-2.2129100000	2.2129937899	4	20032018	75131
1.3500117190	0.1500000000	70.0000000000	-0.0029770000	-0.0039850000	-2.2711490000	2.2711544472	5	20032018	75131
1.4000166020	0.0000000000	0.0000000000	0.0063652703	0.0094392029	-2.1829070000	2.1829366885	0	20032018	75133
1.4000166020	0.0300000000	340.0000000000	-0.0032670000	0.0062290000	-2.1839600000	2.1839713266	1	20032018	75133
1.4000166020	0.0600000000	70.0000000000	0.0036010000	0.0037550000	-2.2022620000	2.2022681453	2	20032018	75133
1.4000166020	0.0900000000	340.0000000000	0.0070390000	0.0049940000	-2.2010110000	2.2010279211	3	20032018	75133
1.4000166020	0.1200000000	250.0000000000	-0.0166300000	-0.0066780000	-2.2100640000	2.2101366557	4	20032018	75133
1.4000166020	0.1500000000	70.0000000000	-0.0319520000	-0.0044390000	-2.2279860000	2.2282195249	5	20032018	75133
1.4500087890	0.0000000000	0.0000000000	0.0058336434	0.0072563903	-2.1850800000	2.1850998359	0	20032018	75135
1.4500087890	0.0300000000	340.0000000000	-0.0077060000	0.0040860000	-2.1849400000	2.1849574095	1	20032018	75135
1.4500087890	0.0600000000	70.0000000000	-0.0072280000	0.0036100000	-2.1972640000	2.1972788539	2	20032018	75135
1.4500087890	0.0900000000	340.0000000000	-0.0050990000	0.0033230000	-2.1920060000	2.1920144494	3	20032018	75135
1.4500087890	0.1200000000	250.0000000000	-0.0280850000	-0.0065390000	-2.1945510000	2.1947404442	4	20032018	75135
1.4500087890	0.1500000000	70.0000000000	-0.0375990000	-0.0039950000	-2.1982910000	2.1986161478	5	20032018	75135
1.5000214840	0.0000000000	0.0000000000	0.0054600537	0.0064580178	-2.1761310000	2.1761474324	0	20032018	75137
1.5000214840	0.0300000000	340.0000000000	-0.0092850000	0.0032340000	-2.1754560000	2.1754782182	1	20032018	75137
1.5000214840	0.0600000000	70.0000000000	-0.0104170000	0.0036820000	-2.1849890000	2.1850169338	2	20032018	75137
1.5000214840	0.0900000000	340.0000000000	-0.0085220000	0.0027280000	-2.1777420000	2.1777603828	3	20032018	75137
1.5000214840	0.1200000000	250.0000000000	-0.0300630000	-0.0066120000	-2.1778160000	2.1780335242	4	20032018	75137
1.5000214840	0.1500000000	70.0000000000	-0.0356930000	-0.0036840000	-2.1759170000	2.1762128464	5	20032018	75137
1.5500152590	0.0000000000	0.0000000000	0.0052745060	0.0062318386	-2.1643390000	2.1643543987	0	20032018	75140
1.5500152590	0.0300000000	340.0000000000	-0.0095460000	0.0029490000	-2.1633320000	2.1633550714	1	20032018	75140
1.5500152590	0.0600000000	70.0000000000	-0.0104760000	0.0037400000	-2.1718420000	2.1718704858	2	20032018	75140
1.5500152590	0.0900000000	340.0000000000	-0.0081930000	0.0025060000	-2.1637570000	2.1637739624	3	20032018	75140
1.5500152590	0.1200000000	250.0000000000	-0.0283100000	-0.0067530000	-2.1630430000	2.1632387938	4	20032018	75140
1.5500152590	0.1500000000	70.0000000000	-0.0311840000	-0.0034010000	-2.1594190000	2.1596468290	5	20032018	75140
1.6000169680	0.0000000000	0.0000000000	0.0050693385	0.0063990969	-2.1531860000	2.1532014762	0	20032018	75142
1.6000169680	0.0300000000	340.0000000000	-0.0094460000	0.0030630000	-2.1519780000	2.1520009111	1	20032018	75142
1.6000169680	0.0600000000	70.0000000000	-0.0092550000	0.0039430000	-2.1602230000	2.1602464239	2	20032018	75142
1.6000169680	0.0900000000	340.0000000000	-0.0067580000	0.0026860000	-2.1517710000	2.1517832887	3	20032018	75142
1.6000169680	0.1200000000	250.0000000000	-0.0257450000	-0.0069530000	-2.1510780000	2.1512432943	4	20032018	75142
1.6000169680	0.1500000000	70.0000000000	-0.0268230000	-0.0030830000	-2.1475390000	2.1477087174	5	20032018	75142
1.6500296630	0.0000000000	0.0000000000	0.0049492065	0.0063672647	-2.1435910000	2.1436061700	0	20032018	75144
1.6500296630	0.0300000000	340.0000000000	-0.0089560000	0.0030190000	-2.1424280000	2.1424488464	1	20032018	75144
1.6500296630	0.0600000000	70.0000000000	-0.0079720000	0.0039560000	-2.1506180000	2.1506364139	2	20032018	75144
1.6500296630	0.0900000000	340.0000000000	-0.0050240000	0.0025570000	-2.1421310000	2.1421384176	3	20032018	75144
1.6500296630	0.1200000000	250.0000000000	-0.0231560000	-0.0069280000	-2.1416750000	2.1418113837	4	20032018	75144
1.6500296630	0.1500000000	70.0000000000	-0.0236090000	-0.0029550000	-2.1382950000	2.1384273717	5	20032018	75144
1.7000234380	0.0000000000	0.0000000000	0.0050119827	0.0065923695	-2.1358880000	2.1359040540	0	20032018	75146
1.7000234380	0.0300000000	340.0000000000	-0.0085420000	0.0032460000	-2.1347360000	2.1347555579	1	20032018	75146
1.7000234380	0.0600000000	70.0000000000	-0.0065820000	0.0039920000	-2.1430340000	2.1430478259	2	20032018	75146
1.7000234380	0.0900000000	340.0000000000	-0.0033420000	0.0027240000	-2.1345200000	2.1345243544	3	20032018	75146
1.7000234380	0.1200000000	250.0000000000	-0.0209750000	-0.0067680000	-2.1341840000	2.1342978008	4	20032018	75146
1.7000234380	0.1500000000	70.0000000000	-0.0203800000	-0.0027820000	-2.1311210000	2.1312202609	5	20032018	75146
1.7500124510	0.0000000000	0.0000000000	0.0049561055	0.0065850385	-2.1300950000	2.1301109442	0	20032018	75148
1.7500124510	0.0300000000	340.0000000000	-0.0080290000	0.0032000000	-2.1288300000	2.1288475459	1	20032018	75148
1.7500124510	0.0600000000	70.0000000000	-0.0055190000	0.0041700000	-2.1373040000	2.1373151936	2	20032018	75148
1.7500124510	0.0900000000	340.0000000000	-0.0018150000	0.0025590000	-2.1288710000	2.1288733117	3	20032018	75148
1.7500124510	0.1200000000	250.0000000000	-0.0187210000	-0.0066660000	-2.1285860000	2.1286787618	4	20032018	75148
1.7500124510	0.1500000000	70.0000000000	-0.0175810000	-0.0025410000	-2.1257310000	2.1258052198	5	20032018	75148
1.8000235600	0.0000000000	0.0000000000	0.0049615503	0.0065064360	-2.1258150000	2.1258307470	0	20032018	75150
1.8000235600	0.0300000000	340.0000000000	-0.0076590000	0.0030250000	-2.1246940000	2.1247099577	1	20032018	75150
1.8000235600	0.0600000000	70.0000000000	-0.0047350000	0.0041520000	-2.1331210000	2.1331302961	2	20032018	75150
1.8000235600	0.0900000000	340.0000000000	-0.0005080000	0.0023830000	-2.1247390000	2.1247403971	3	20032018	75150
1.8000235600	0.1200000000	250.0000000000	-0.0167700000	-0.0065810000	-2.1245690000	2.1246453771	4	20032018	75150
1.8000235600	0.1500000000	70.0000000000	-0.0152780000	-0.0022400000	-2.1223020000	2.1223581729	5	20032018	75150
1.8500220950	0.0000000000	0.0000000000	0.0048785050	0.0062110236	-2.1228730000	2.1228876915	0	20032018	75152
1.8500220950	0.0300000000	340.0000000000	-0.0072390000	0.0028230000	-2.1217460000	2.1217602270	1	20032018	75152
1.8500220950	0.0600000000	70.0000000000	-0.0042000000	0.0041720000	-2.1303800000	2.1303882252	2	20032018	75152
1.8500220950	0.0900000000	340.0000000000	0.0005790000	0.0020460000	-2.1219630000	2.1219640654	3	20032018	75152
1.8500220950	0.1200000000	250.0000000000	-0.0150280000	-0.0064080000	-2.1218320000	2.1218948936	4	20032018	75152
1.8500220950	0.1500000000	70.0000000000	-0.0140410000	-0.0021690000	-2.1202400000	2.1202876012	5	20032018	75152
1.9000253910	0.0000000000	0.0000000000	0.0049867700	0.0062716510	-2.1211300000	2.1211451337	0	20032018	75154
1.9000253910	0.0300000000	340.0000000000	-0.0069210000	0.0029110000	-2.1199810000	2.1199942959	1	20032018	75154
1.9000253910	0.0600000000	70.0000000000	-0.0035390000	0.0041030000	-2.1286510000	2.1286578962	2	20032018	75154
1.9000253910	0.0900000000	340.0000000000	0.0015010000	0.0021190000	-2.1203020000	2.1203035901	3	20032018	75154
1.9000253910	0.1200000000	250.0000000000	-0.0138470000	-0.0063340000	-2.1203610000	2.1204156737	4	20032018	75154
1.9000253910	0.1500000000	70.0000000000	-0.0127820000	-0.0022160000	-2.1186540000	2.1186937159	5	20032018	75154
1.9500349120	0.0000000000	0.0000000000	0.0051417295	0.0062003519	-2.1203850000	2.1204002995	0	20032018	75157
1.9500349120	0.0300000000	340.0000000000	-0.0064790000	0.0029050000	-2.1191330000	2.1191448955	1	20032018	75157
1.9500349120	0.0600000000	70.0000000000	-0.0029990000	0.0039090000	-2.1277590000	2.1277647042	2	20032018	75157
1.9500349120	0.0900000000	340.0000000000	0.0026170000	0.0020050000	-2.1195880000	2.1195905639	3	20032018	75157
1.9500349120	0.1200000000	250.0000000000	-0.0127620000	-0.0060410000	-2.1198030000	2.1198500233	4	20032018	75157
1.9500349120	0.1500000000	70.0000000000	-0.0113480000	-0.0024540000	-2.1177410000	2.1177728259	5	20032018	75157
2.0000239260	0.0000000000	0.0000000000	0.0053351748	0.0062640300	-2.1204820000	2.1204979638	0	20032018	75159
2.0000239260	0.0300000000	340.0000000000	-0.0061600000	0.0029670000	-2.1191900000	2.1192010298	1	20032018	75159
2.0000239260	0.0600000000	70.0000000000	-0.0024180000	0.0038830000	-2.1278980000	2.1279029167	2	20032018	75159
2.0000239260	0.0900000000	340.0000000000	0.0033610000	0.0021280000	-2.1198830000	2.1198867324	3	20032018	75159
2.0000239260	0.1200000000	250.0000000000	-0.0117730000	-0.0059270000	-2.1202300000	2.1202709699	4	20032018	75159
2.0000239260	0.1500000000	70.0000000000	-0.0099060000	-0.0026880000	-2.1180740000	2.1180988701	5	20032018	75159
2.0500319820	0.0000000000	0.0000000000	0.0052820960	0.0064749011	-2.1212490000	2.1212654584	0	20032018	75201
2.0500319820	0.0300000000	340.0000000000	-0.0060370000	0.0031950000	-2.1201680000	2.1201790023	1	20032018	75201
2.0500319820	0.0600000000	70.0000000000	-0.0017770000	0.0038400000	-2.1286690000	2.1286732053	2	20032018	75201
2.0500319820	0.0900000000	340.0000000000	0.0039070000	0.0023490000	-2.1208390000	2.1208438996	3	20032018	75201
2.0500319820	0.1200000000	250.0000000000	-0.0112020000	-0.0058980000	-2.1212550000	2.1212927771	4	20032018	75201
2.0500319820	0.1500000000	70.0000000000	-0.0087970000	-0.0026690000	-2.1189710000	2.1189909414	5	20032018	75201
2.1000178220	0.0000000000	0.0000000000	0.0052909747	0.0064525143	-2.1227320000	2.1227484008	0	20032018	75203
2.1000178220	0.0300000000	340.0000000000	-0.0059000000	0.0031640000	-2.1215330000	2.1215435633	1	20032018	75203
2.1000178220	0.0600000000	70.0000000000	-0.0014130000	0.0038170000	-2.1301450000	2.1301488885	2	20032018	75203
2.1000178220	0.0900000000	340.0000000000	0.0043830000	0.0023460000	-2.1223820000	2.1223878223	3	20032018	75203
2.1000178220	0.1200000000	250.0000000000	-0.0105110000	-0.0059240000	-2.1227510000	2.1227852889	4	20032018	75203
2.1000178220	0.1500000000	70.0000000000	-0.0078970000	-0.0027410000	-2.1202810000	2.1202974779	5	20032018	75203
2.1500114750	0.0000000000	0.0000000000	0.0053091121	0.0065374321	-2.1247360000	2.1247526902	0	20032018	75205
2.1500114750	0.0300000000	340.0000000000	-0.0057130000	0.0032820000	-2.1236860000	2.1236962204	1	20032018	75205
2.1500114750	0.0600000000	70.0000000000	-0.0009280000	0.0038540000	-2.1320940000	2.1320976852	2	20032018	75205
2.1500114750	0.0900000000	340.0000000000	0.0048100000	0.0024400000	-2.1244260000	2.1244328465	3	20032018	75205
2.1500114750	0.1200000000	250.0000000000	-0.0098730000	-0.0059430000	-2.1246770000	2.1247082505	4	20032018	75205
2.1500114750	0.1500000000	70.0000000000	-0.0066750000	-0.0027630000	-2.1222570000	2.1222692958	5	20032018	75205
2.2000195310	0.0000000000	0.0000000000	0.0054293478	0.0066309488	-2.1275830000	2.1276002607	0	20032018	75207
2.2000195310	0.0300000000	340.0000000000	-0.0054420000	0.0033350000	-2.1264340000	2.1264435788	1	20032018	75207
2.2000195310	0.0600000000	70.0000000000	-0.0003130000	0.0038230000	-2.1349580000	2.1349614458	2	20032018	75207
2.2000195310	0.0900000000	340.0000000000	0.0054590000	0.0024260000	-2.1271450000	2.1271533883	3	20032018	75207
2.2000195310	0.1200000000	250.0000000000	-0.0089900000	-0.0058590000	-2.1271990000	2.1272260655	4	20032018	75207
2.2000195310	0.1500000000	70.0000000000	-0.0055020000	-0.0026410000	-2.1249230000	2.1249317643	5	20032018	75207
2.2500085450	0.0000000000	0.0000000000	0.0055124173	0.0067188377	-2.1313230000	2.1313407189	0	20032018	75209
2.2500085450	0.0300000000	340.0000000000	-0.0052190000	0.0033580000	-2.1300780000	2.1300870405	1	20032018	75209
2.2500085450	0.0600000000	70.0000000000	0.0003790000	0.0038490000	-2.1385440000	2.1385474973	2	20032018	75209
2.2500085450	0.0900000000	340.0000000000	0.0062940000	0.0023730000	-2.1305500000	2.1305606183	3	20032018	75209
2.2500085450	0.1200000000	250.0000000000	-0.0078510000	-0.0058400000	-2.1303950000	2.1304174708	4	20032018	75209
2.2500085450	0.1500000000	70.0000000000	-0.0041510000	-0.0026140000	-2.1281380000	2.1281436537	5	20032018	75209
2.3000244140	0.0000000000	0.0000000000	0.0054008564	0.0067807261	-2.1361320000	2.1361495895	0	20032018	75211
2.3000244140	0.0300000000	340.0000000000	-0.0049660000	0.0033860000	-2.1349770000	2.1349854605	1	20032018	75211
2.3000244140	0.0600000000	70.0000000000	0.0012300000	0.0039160000	-2.1432510000	2.1432549305	2	20032018	75211
2.3000244140	0.0900000000	340.0000000000	0.0073740000	0.0023160000	-2.1351980000	2.1352119892	3	20032018	75211
2.3000244140	0.1200000000	250.0000000000	-0.0061520000	-0.0059320000	-2.1346670000	2.1346841070	4	20032018	75211
2.3000244140	0.1500000000	70.0000000000	-0.0024790000	-0.0025020000	-2.1320850000	2.1320879092	5	20032018	75211
2.3500246580	0.0000000000	0.0000000000	0.0052293902	0.0067920542	-2.1426110000	2.1426281469	0	20032018	75213
2.3500246580	0.0300000000	340.0000000000	-0.0046430000	0.0033120000	-2.1414080000	2.1414155947	1	20032018	75213
2.3500246580	0.0600000000	70.0000000000	0.0022970000	0.0041730000	-2.1495890000	2.1495942778	2	20032018	75213
2.3500246580	0.0900000000	340.0000000000	0.0088910000	0.0023040000	-2.1413340000	2.1413536975	3	20032018	75213
2.3500246580	0.1200000000	250.0000000000	-0.0038460000	-0.0060570000	-2.1405520000	2.1405640247	4	20032018	75213
2.3500246580	0.1500000000	70.0000000000	0.0001550000	-0.0022340000	-2.1373470000	2.1373481731	5	20032018	75213
2.4000119630	0.0000000000	0.0000000000	0.0051881404	0.0068453783	-2.1511220000	2.1511391482	0	20032018	75215
2.4000119630	0.0300000000	340.0000000000	-0.0041190000	0.0032760000	-2.1498970000	2.1499034418	1	20032018	75215
2.4000119630	0.0600000000	70.0000000000	0.0035940000	0.0044100000	-2.1578000000	2.1578074995	2	20032018	75215
2.4000119630	0.0900000000	340.0000000000	0.0109020000	0.0021120000	-2.1495090000	2.1495376841	3	20032018	75215
2.4000119630	0.1200000000	250.0000000000	-0.0009410000	-0.0061360000	-2.1486120000	2.1486209676	4	20032018	75215
2.4000119630	0.1500000000	70.0000000000	0.0035810000	-0.0019280000	-2.1445730000	2.1445768564	5	20032018	75215
2.4500454100	0.0000000000	0.0000000000	0.0049487537	0.0071496002	-2.1620420000	2.1620594850	0	20032018	75218
2.4500454100	0.0300000000	340.0000000000	-0.0038040000	0.0034460000	-2.1608590000	2.1608650960	1	20032018	75218
2.4500454100	0.0600000000	70.0000000000	0.0053810000	0.0047650000	-2.1688140000	2.1688259098	2	20032018	75218
2.4500454100	0.0900000000	340.0000000000	0.0131100000	0.0023770000	-2.1603510000	2.1603920860	3	20032018	75218
2.4500454100	0.1200000000	250.0000000000	0.0022160000	-0.0064880000	-2.1593370000	2.1593478841	4	20032018	75218
2.4500454100	0.1500000000	70.0000000000	0.0085630000	-0.0013170000	-2.1547320000	2.1547494173	5	20032018	75218
2.5000168460	0.0000000000	0.0000000000	0.0046382232	0.0075361178	-2.1755360000	2.1755539969	0	20032018	75220
2.5000168460	0.0300000000	340.0000000000	-0.0036000000	0.0035560000	-2.1742370000	2.1742428883	1	20032018	75220
2.5000168460	0.0600000000	70.0000000000	0.0070310000	0.0052730000	-2.1825700000	2.1825876945	2	20032018	75220
2.5000168460	0.0900000000	340.0000000000	0.0151780000	0.0024330000	-2.1743660000	2.1744203350	3	20032018	75220
2.5000168460	0.1200000000	250.0000000000	0.0053920000	-0.0068260000	-2.1735840000	2.1736014062	4	20032018	75220
2.5000168460	0.1500000000	70.0000000000	0.0139620000	-0.0007570000	-2.1690350000	2.1690800681	5	20032018	75220
2.5500153810	0.0000000000	0.0000000000	0.0045509353	0.0079190666	-2.1901060000	2.1901250453	0	20032018	75222
2.5500153810	0.0300000000	340.0000000000	-0.0038190000	0.0038550000	-2.1892100000	2.1892167252	1	20032018	75222
2.5500153810	0.0600000000	70.0000000000	0.0077940000	0.0056000000	-2.1985260000	2.1985469472	2	20032018	75222
2.5500153810	0.0900000000	340.0000000000	0.0161660000	0.0028300000	-2.1911440000	2.1912054621	3	20032018	75222
2.5500153810	0.1200000000	250.0000000000	0.0071540000	-0.0071770000	-2.1913080000	2.1913314309	4	20032018	75222
2.5500153810	0.1500000000	70.0000000000	0.0194720000	-0.0003450000	-2.1883090000	2.1883956583	5	20032018	75222
2.6000185550	0.0000000000	0.0000000000	0.0044165455	0.0076317003	-2.2025300000	2.2025476498	0	20032018	75224
2.6000185550	0.0300000000	340.0000000000	-0.0054150000	0.0036510000	-2.2022340000	2.2022436838	1	20032018	75224
2.6000185550	0.0600000000	70.0000000000	0.0053250000	0.0057990000	-2.2144400000	2.2144539954	2	20032018	75224
2.6000185550	0.0900000000	340.0000000000	0.0132960000	0.0028250000	-2.2090070000	2.2090488203	3	20032018	75224
2.6000185550	0.1200000000	250.0000000000	0.0048770000	-0.0074840000	-2.2120200000	2.2120380367	4	20032018	75224
2.6000185550	0.1500000000	70.0000000000	0.0232530000	0.0001260000	-2.2137250000	2.2138471251	5	20032018	75224
2.6500375980	0.0000000000	0.0000000000	0.0039492219	0.0056372546	-2.2041580000	2.2041687467	0	20032018	75226
2.6500375980	0.0300000000	340.0000000000	-0.0097840000	0.0017690000	-2.2050660000	2.2050884155	1	20032018	75226
2.6500375980	0.0600000000	70.0000000000	-0.0056800000	0.0055780000	-2.2232300000	2.2232442532	2	20032018	75226
2.6500375980	0.0900000000	340.0000000000	0.0006650000	0.0013980000	-2.2220710000	2.2220715393	3	20032018	75226
2.6500375980	0.1200000000	250.0000000000	-0.0080640000	-0.0075590000	-2.2321360000	2.2321633652	4	20032018	75226
2.6500375980	0.1500000000	70.0000000000	0.0212190000	0.0001840000	-2.2518630000	2.2519629772	5	20032018	75226
2.7000170900	0.0000000000	0.0000000000	0.0032244818	0.0016198513	-2.1802160000	2.1802189862	0	20032018	75228
2.7000170900	0.0300000000	340.0000000000	-0.0186110000	-0.0020190000	-2.1824640000	2.1825442852	1	20032018	75228
2.7000170900	0.0600000000	70.0000000000	-0.0309160000	0.0046800000	-2.2085760000	2.2087973310	2	20032018	75228
2.7000170900	0.0900000000	340.0000000000	-0.0310630000	-0.0019030000	-2.2132370000	2.2134557934	3	20032018	75228
2.7000170900	0.1200000000	250.0000000000	-0.0477180000	-0.0070520000	-2.2357380000	2.2362582907	4	20032018	75228
2.7000170900	0.1500000000	70.0000000000	-0.0237600000	-0.0011800000	-2.3078240000	2.3079466079	5	20032018	75228
2.7500314940	0.0000000000	0.0000000000	0.0021908736	-0.0039069402	-2.1140350000	2.1140397454	0	20032018	75230
2.7500314940	0.0300000000	340.0000000000	-0.0305680000	-0.0072600000	-2.1166670000	2.1169001628	1	20032018	75230
2.7500314940	0.0600000000	70.0000000000	-0.0687980000	0.0030760000	-2.1453530000	2.1464580409	2	20032018	75230
2.7500314940	0.0900000000	340.0000000000	-0.0817990000	-0.0071560000	-2.1518580000	2.1534240495	3	20032018	75230
2.7500314940	0.1200000000	250.0000000000	-0.1187700000	-0.0055470000	-2.1810160000	2.1842545352	4	20032018	75230
2.7500314940	0.1500000000	70.0000000000	-0.1688690000	-0.0057030000	-2.2963120000	2.3025199380	5	20032018	75230
2.8000222170	0.0000000000	0.0000000000	0.0013636900	-0.0085244997	-2.0029880000	2.0030066038	0	20032018	75232
2.8000222170	0.0300000000	340.0000000000	-0.0400140000	-0.0114790000	-2.0038400000	2.0042723451	1	20032018	75232
2.8000222170	0.0600000000	70.0000000000	-0.1005100000	0.0015630000	-2.0230640000	2.0255598365	2	20032018	75232
2.8000222170	0.0900000000	340.0000000000	-0.1257130000	-0.0118810000	-2.0217170000	2.0256565712	3	20032018	75232
2.8000222170	0.1200000000	250.0000000000	-0.1829640000	-0.0037160000	-2.0375800000	2.0457814865	4	20032018	75232
2.8000222170	0.1500000000	70.0000000000	-0.3229800000	-0.0101100000	-2.1019640000	2.1266572243	5	20032018	75232
2.8500190430	0.0000000000	0.0000000000	0.0009626246	-0.0092053899	-1.8698760000	1.8698989067	0	20032018	75234
2.8500190430	0.0300000000	340.0000000000	-0.0406470000	-0.0119540000	-1.8675980000	1.8680785225	1	20032018	75234
2.8500190430	0.0600000000	70.0000000000	-0.1030970000	0.0011210000	-1.8686920000	1.8715341405	2	20032018	75234
2.8500190430	0.0900000000	340.0000000000	-0.1300120000	-0.0126610000	-1.8537610000	1.8583576798	3	20032018	75234
2.8500190430	0.1200000000	250.0000000000	-0.1883820000	-0.0029050000	-1.8432060000	1.8528099135	4	20032018	75234
2.8500190430	0.1500000000	70.0000000000	-0.3363140000	-0.0098840000	-1.7998100000	1.8309890322	5	20032018	75234
2.9000317380	0.0000000000	0.0000000000	0.0009880709	-0.0049047317	-1.7552640000	1.7552711307	0	20032018	75237
2.9000317380	0.0300000000	340.0000000000	-0.0309180000	-0.0078870000	-1.7503700000	1.7506608079	1	20032018	75237
2.9000317380	0.0600000000	70.0000000000	-0.0713670000	0.0023860000	-1.7362710000	1.7377387396	2	20032018	75237
2.9000317380	0.0900000000	340.0000000000	-0.0887130000	-0.0085980000	-1.7114800000	1.7137992042	3	20032018	75237
2.9000317380	0.1200000000	250.0000000000	-0.1279790000	-0.0036610000	-1.6801010000	1.6849722246	4	20032018	75237
2.9000317380	0.1500000000	70.0000000000	-0.2120720000	-0.0051620000	-1.5648180000	1.5791315818	5	20032018	75237
2.9500112300	0.0000000000	0.0000000000	0.0012560815	0.0020447057	-1.6936180000	1.6936197001	0	20032018	75239
2.9500112300	0.0300000000	340.0000000000	-0.0157270000	-0.0014560000	-1.6880250000	1.6880988890	1	20032018	75239
2.9500112300	0.0600000000	70.0000000000	-0.0215940000	0.0048460000	-1.6701490000	1.6702956226	2	20032018	75239
2.9500112300	0.0900000000	340.0000000000	-0.0234030000	-0.0021860000	-1.6436660000	1.6438340544	3	20032018	75239
2.9500112300	0.1200000000	250.0000000000	-0.0346310000	-0.0056610000	-1.6069830000	1.6073660801	4	20032018	75239
2.9500112300	0.1500000000	70.0000000000	-0.0358200000	0.0011030000	-1.4764360000	1.4768708647	5	20032018	75239
3.0000288090	0.0000000000	0.0000000000	0.0015679400	0.0081906921	-1.6925740000	1.6925945443	0	20032018	75241
3.0000288090	0.0300000000	340.0000000000	-0.0026700000	0.0041180000	-1.6886620000	1.6886691319	1	20032018	75241
3.0000288090	0.0600000000	70.0000000000	0.0221020000	0.0072090000	-1.6804370000	1.6805978041	2	20032018	75241
3.0000288090	0.0900000000	340.0000000000	0.0340900000	0.0034110000	-1.6616120000	1.6619651626	3	20032018	75241
3.0000288090	0.1200000000	250.0000000000	0.0482590000	-0.0077550000	-1.6373720000	1.6381013819	4	20032018	75241
3.0000288090	0.1500000000	70.0000000000	0.1272040000	0.0071120000	-1.5465300000	1.5517688227	5	20032018	75241
3.0500161130	0.0000000000	0.0000000000	0.0015517161	0.0096694192	-1.7290700000	1.7290977330	0	20032018	75243
3.0500161130	0.0300000000	340.0000000000	0.0011370000	0.0053170000	-1.7285920000	1.7286005512	1	20032018	75243
3.0500161130	0.0600000000	70.0000000000	0.0354000000	0.0080670000	-1.7404480000	1.7408266649	2	20032018	75243
3.0500161130	0.0900000000	340.0000000000	0.0530050000	0.0047720000	-1.7358780000	1.7366936209	3	20032018	75243
3.0500161130	0.1200000000	250.0000000000	0.0775810000	-0.0088150000	-1.7395410000	1.7412924529	4	20032018	75243
3.0500161130	0.1500000000	70.0000000000	0.1960110000	0.0095910000	-1.7476970000	1.7586805006	5	20032018	75243
3.1000114750	0.0000000000	0.0000000000	0.0012463968	0.0054184816	-1.7562280000	1.7562368011	0	20032018	75245
3.1000114750	0.0300000000	340.0000000000	-0.0075910000	0.0014800000	-1.7593020000	1.7593189992	1	20032018	75245
3.1000114750	0.0600000000	70.0000000000	0.0076050000	0.0069370000	-1.7920450000	1.7920745632	2	20032018	75245
3.1000114750	0.0900000000	340.0000000000	0.0172380000	0.0011040000	-1.8015090000	1.8015918085	3	20032018	75245
3.1000114750	0.1200000000	250.0000000000	0.0278170000	-0.0081030000	-1.8354710000	1.8356996584	4	20032018	75245
3.1000114750	0.1500000000	70.0000000000	0.1014640000	0.0062490000	-1.9508620000	1.9535087756	5	20032018	75245
3.1500258790	0.0000000000	0.0000000000	0.0008504573	-0.0033765015	-1.7259710000	1.7259745122	0	20032018	75247
3.1500258790	0.0300000000	340.0000000000	-0.0256530000	-0.0065570000	-1.7309580000	1.7311604976	1	20032018	75247
3.1500258790	0.0600000000	70.0000000000	-0.0519000000	0.0035200000	-1.7746190000	1.7753812536	2	20032018	75247
3.1500258790	0.0900000000	340.0000000000	-0.0600070000	-0.0066720000	-1.7906850000	1.7917025771	3	20032018	75247
3.1500258790	0.1200000000	250.0000000000	-0.0815440000	-0.0053720000	-1.8407630000	1.8425761055	4	20032018	75247
3.1500258790	0.1500000000	70.0000000000	-0.1062150000	-0.0016380000	-2.0044650000	2.0072778197	5	20032018	75247
3.2000085450	0.0000000000	0.0000000000	0.0006660459	-0.0136574459	-1.6125610000	1.6126189718	0	20032018	75249
3.2000085450	0.0300000000	340.0000000000	-0.0454620000	-0.0154300000	-1.6171510000	1.6178634785	1	20032018	75249
3.2000085450	0.0600000000	70.0000000000	-0.1179410000	-0.0006910000	-1.6569970000	1.6611892171	2	20032018	75249
3.2000085450	0.0900000000	340.0000000000	-0.1454150000	-0.0152180000	-1.6697290000	1.6761181471	3	20032018	75249
3.2000085450	0.1200000000	250.0000000000	-0.2012680000	-0.0016500000	-1.7145890000	1.7263623517	4	20032018	75249
3.2000085450	0.1500000000	70.0000000000	-0.3295660000	-0.0102260000	-1.8566780000	1.8857283779	5	20032018	75249
3.2500229490	0.0000000000	0.0000000000	0.0005551921	-0.0210493160	-1.4233910000	1.4235467399	0	20032018	75251
3.2500229490	0.0300000000	340.0000000000	-0.0591840000	-0.0217080000	-1.4256610000	1.4270540529	1	20032018	75251
3.2500229490	0.0600000000	70.0000000000	-0.1638380000	-0.0041330000	-1.4496800000	1.4589146906	2	20032018	75251
3.2500229490	0.0900000000	340.0000000000	-0.2042190000	-0.0210630000	-1.4515990000	1.4660452608	3	20032018	75251
3.2500229490	0.1200000000	250.0000000000	-0.2814790000	0.0017600000	-1.4740560000	1.5006913794	4	20032018	75251
3.2500229490	0.1500000000	70.0000000000	-0.4732160000	-0.0156920000	-1.5328380000	1.6042979635	5	20032018	75251
3.3000324710	0.0000000000	0.0000000000	0.0005909566	-0.0240590578	-1.1927610000	1.1930037681	0	20032018	75254
3.3000324710	0.0300000000	340.0000000000	-0.0627110000	-0.0237630000	-1.1923450000	1.1942294372	1	20032018	75254
3.3000324710	0.0600000000	70.0000000000	-0.1764050000	-0.0058260000	-1.1976510000	1.2105868759	2	20032018	75254
3.3000324710	0.0900000000	340.0000000000	-0.2188140000	-0.0223990000	-1.1886420000	1.2088221896	3	20032018	75254
3.3000324710	0.1200000000	250.0000000000	-0.2963520000	0.0036420000	-1.1856990000	1.2221783383	4	20032018	75254
3.3000324710	0.1500000000	70.0000000000	-0.4744730000	-0.0159540000	-1.1559590000	1.2496480975	5	20032018	75254
3.3500104980	0.0000000000	0.0000000000	0.0006183283	-0.0227909427	-0.9611240000	0.9613943794	0	20032018	75256
3.3500104980	0.0300000000	340.0000000000	-0.0575150000	-0.0220850000	-0.9589400000	0.9609170859	1	20032018	75256
3.3500104980	0.0600000000	70.0000000000	-0.1611740000	-0.0058490000	-0.9517250000	0.9652936054	2	20032018	75256
3.3500104980	0.0900000000	340.0000000000	-0.1977730000	-0.0203370000	-0.9365890000	0.9574584628	3	20032018	75256
3.3500104980	0.1200000000	250.0000000000	-0.2616200000	0.0040280000	-0.9189930000	0.9555152449	4	20032018	75256
3.3500104980	0.1500000000	70.0000000000	-0.3901450000	-0.0132510000	-0.8516760000	0.9368781772	5	20032018	75256
3.4000390630	0.0000000000	0.0000000000	0.0006826235	-0.0191525086	-0.7567760000	0.7570186251	0	20032018	75258
3.4000390630	0.0300000000	340.0000000000	-0.0479600000	-0.0184920000	-0.7538430000	0.7555933988	1	20032018	75258
3.4000390630	0.0600000000	70.0000000000	-0.1327450000	-0.0048410000	-0.7416650000	0.7534664177	2	20032018	75258
3.4000390630	0.0900000000	340.0000000000	-0.1614550000	-0.0165760000	-0.7261100000	0.7440283683	3	20032018	75258
3.4000390630	0.1200000000	250.0000000000	-0.2094480000	0.0035440000	-0.7050290000	0.7354909350	4	20032018	75258
3.4000390630	0.1500000000	70.0000000000	-0.2961730000	-0.0099800000	-0.6380010000	0.7034652247	5	20032018	75258
3.4500249020	0.0000000000	0.0000000000	0.0007278968	-0.0151219186	-0.5909580000	0.5911518925	0	20032018	75300
3.4500249020	0.0300000000	340.0000000000	-0.0376950000	-0.0146740000	-0.5883090000	0.5896979895	1	20032018	75300
3.4500249020	0.0600000000	70.0000000000	-0.1032650000	-0.0037550000	-0.5762240000	0.5854159704	2	20032018	75300
3.4500249020	0.0900000000	340.0000000000	-0.1248540000	-0.0128430000	-0.5628630000	0.5766872816	3	20032018	75300
3.4500249020	0.1200000000	250.0000000000	-0.1598530000	0.0029420000	-0.5442390000	0.5672369224	4	20032018	75300
3.4500249020	0.1500000000	70.0000000000	-0.2192400000	-0.0072350000	-0.4896130000	0.5365066753	5	20032018	75300
3.5000231930	0.0000000000	0.0000000000	0.0007001540	-0.0115638524	-0.4620470000	0.4621922145	0	20032018	75302
3.5000231930	0.0300000000	340.0000000000	-0.0287280000	-0.0112130000	-0.4598180000	0.4608509764	1	20032018	75302
3.5000231930	0.0600000000	70.0000000000	-0.0781150000	-0.0027220000	-0.4499090000	0.4566480820	2	20032018	75302
3.5000231930	0.0900000000	340.0000000000	-0.0940830000	-0.0098020000	-0.4395820000	0.4496443315	3	20032018	75302
3.5000231930	0.1200000000	250.0000000000	-0.1194640000	0.0023180000	-0.4248010000	0.4412855198	4	20032018	75302
3.5000231930	0.1500000000	70.0000000000	-0.1614490000	-0.0052170000	-0.3836980000	0.4163137662	5	20032018	75302
3.5500312500	0.0000000000	0.0000000000	0.0006182824	-0.0087480362	-0.3647430000	0.3648484157	0	20032018	75304
3.5500312500	0.0300000000	340.0000000000	-0.0218380000	-0.0085490000	-0.3629430000	0.3636998830	1	20032018	75304
3.5500312500	0.0600000000	70.0000000000	-0.0586010000	-0.0019540000	-0.3554830000	0.3602860788	2	20032018	75304
3.5500312500	0.0900000000	340.0000000000	-0.0704850000	-0.0074850000	-0.3478700000	0.3550178831	3	20032018	75304
3.5500312500	0.1200000000	250.0000000000	-0.0892200000	0.0018240000	-0.3367110000	0.3483358048	4	20032018	75304
3.5500312500	0.1500000000	70.0000000000	-0.1199370000	-0.0036880000	-0.3068610000	0.3294877215	5	20032018	75304
3.6000297850	0.0000000000	0.0000000000	0.0006443479	-0.0066940825	-0.2915880000	0.2916655408	0	20032018	75306
3.6000297850	0.0300000000	340.0000000000	-0.0165520000	-0.0065360000	-0.2902280000	0.2907730730	1	20032018	75306
3.6000297850	0.0600000000	70.0000000000	-0.0441680000	-0.0013740000	-0.2848560000	0.2882631451	2	20032018	75306
3.6000297850	0.0900000000	340.0000000000	-0.0532930000	-0.0056780000	-0.2793250000	0.2844201806	3	20032018	75306
3.6000297850	0.1200000000	250.0000000000	-0.0672020000	0.0015260000	-0.2711960000	0.2794024121	4	20032018	75306
3.6000297850	0.1500000000	70.0000000000	-0.0903590000	-0.0025650000	-0.2497910000	0.2656442580	5	20032018	75306
3.6500078130	0.0000000000	0.0000000000	0.0005984406	-0.0050513100	-0.2362140000	0.2362687615	0	20032018	75308
3.6500078130	0.0300000000	340.0000000000	-0.0128080000	-0.0050360000	-0.2352800000	0.2356821685	1	20032018	75308
3.6500078130	0.0600000000	70.0000000000	-0.0337390000	-0.0010570000	-0.2314450000	0.2338936198	2	20032018	75308
3.6500078130	0.0900000000	340.0000000000	-0.0408240000	-0.0044060000	-0.2274100000	0.2310872561	3	20032018	75308
3.6500078130	0.1200000000	250.0000000000	-0.0513540000	0.0012540000	-0.2215630000	0.2274400334	4	20032018	75308
3.6500078130	0.1500000000	70.0000000000	-0.0692990000	-0.0018730000	-0.2061600000	0.2175035750	5	20032018	75308
3.7000219730	0.0000000000	0.0000000000	0.0006567772	-0.0039466427	-0.1936350000	0.1936763294	0	20032018	75310
3.7000219730	0.0300000000	340.0000000000	-0.0100450000	-0.0039740000	-0.1928060000	0.1931083849	1	20032018	75310
3.7000219730	0.0600000000	70.0000000000	-0.0260840000	-0.0007280000	-0.1901480000	0.1919301095	2	20032018	75310
3.7000219730	0.0900000000	340.0000000000	-0.0318200000	-0.0034190000	-0.1873220000	0.1900361377	3	20032018	75310
3.7000219730	0.1200000000	250.0000000000	-0.0399000000	0.0009860000	-0.1829360000	0.1872393182	4	20032018	75310
3.7000219730	0.1500000000	70.0000000000	-0.0543470000	-0.0012900000	-0.1718950000	0.1802863043	5	20032018	75310
3.7500158690	0.0000000000	0.0000000000	0.0005255344	-0.0031230886	-0.1603470000	0.1603782725	0	20032018	75312
3.7500158690	0.0300000000	340.0000000000	-0.0079710000	-0.0031980000	-0.1597420000	0.1599727183	1	20032018	75312
3.7500158690	0.0600000000	70.0000000000	-0.0205940000	-0.0005490000	-0.1578110000	0.1591500109	2	20032018	75312
3.7500158690	0.0900000000	340.0000000000	-0.0252310000	-0.0028120000	-0.1556870000	0.1577433126	3	20032018	75312
3.7500158690	0.1200000000	250.0000000000	-0.0316470000	0.0009050000	-0.1523740000	0.1556283634	4	20032018	75312
3.7500158690	0.1500000000	70.0000000000	-0.0434340000	-0.0009270000	-0.1440810000	0.1504882263	5	20032018	75312
3.8000080570	0.0000000000	0.0000000000	0.0005983534	-0.0024493636	-0.1340200000	0.1340437160	0	20032018	75315
3.8000080570	0.0300000000	340.0000000000	-0.0064420000	-0.0025760000	-0.1335750000	0.1337550588	1	20032018	75315
3.8000080570	0.0600000000	70.0000000000	-0.0163900000	-0.0003070000	-0.1321720000	0.1331846986	2	20032018	75315
3.8000080570	0.0900000000	340.0000000000	-0.0201890000	-0.0023110000	-0.1305350000	0.1321072393	3	20032018	75315
3.8000080570	0.1200000000	250.0000000000	-0.0251530000	0.0008230000	-0.1278870000	0.1303396928	4	20032018	75315
3.8000080570	0.1500000000	70.0000000000	-0.0348740000	-0.0005830000	-0.1209550000	0.1258834691	5	20032018	75315
3.8500190430	0.0000000000	0.0000000000	0.0005038831	-0.0020861483	-0.1131970000	0.1132173428	0	20032018	75317
3.8500190430	0.0300000000	340.0000000000	-0.0053280000	-0.0021490000	-0.1127490000	0.1128952735	1	20032018	75317
3.8500190430	0.0600000000	70.0000000000	-0.0130160000	-0.0002090000	-0.1116500000	0.1124063274	2	20032018	75317
3.8500190430	0.0900000000	340.0000000000	-0.0162490000	-0.0019240000	-0.1104960000	0.1117009301	3	20032018	75317
3.8500190430	0.1200000000	250.0000000000	-0.0200430000	0.0007020000	-0.1082790000	0.1101206452	4	20032018	75317
3.8500190430	0.1500000000	70.0000000000	-0.0275470000	-0.0003810000	-0.1029610000	0.1065830657	5	20032018	75317
3.9000175780	0.0000000000	0.0000000000	0.0004645472	-0.0016270049	-0.0964570000	0.0964718394	0	20032018	75319
3.9000175780	0.0300000000	340.0000000000	-0.0043800000	-0.0017340000	-0.0960880000	0.0962034038	1	20032018	75319
3.9000175780	0.0600000000	70.0000000000	-0.0104520000	-0.0001360000	-0.0952690000	0.0958407281	2	20032018	75319
3.9000175780	0.0900000000	340.0000000000	-0.0131320000	-0.0015300000	-0.0944860000	0.0954064700	3	20032018	75319
3.9000175780	0.1200000000	250.0000000000	-0.0161320000	0.0006160000	-0.0927610000	0.0941553185	4	20032018	75319
3.9000175780	0.1500000000	70.0000000000	-0.0221710000	-0.0001880000	-0.0886850000	0.0914145383	5	20032018	75319
3.9500305180	0.0000000000	0.0000000000	0.0004242163	-0.0013547946	-0.0829270000	0.0829391509	0	20032018	75321
3.9500305180	0.0300000000	340.0000000000	-0.0037350000	-0.0014370000	-0.0825930000	0.0826898957	1	20032018	75321
3.9500305180	0.0600000000	70.0000000000	-0.0085220000	-0.0000890000	-0.0820110000	0.0824526320	2	20032018	75321
3.9500305180	0.0900000000	340.0000000000	-0.0108360000	-0.0013650000	-0.0814110000	0.0821403253	3	20032018	75321
3.9500305180	0.1200000000	250.0000000000	-0.0131870000	0.0005900000	-0.0800550000	0.0811359852	4	20032018	75321
3.9500305180	0.1500000000	70.0000000000	-0.0182950000	-0.0000050000	-0.0768140000	0.0789626345	5	20032018	75321
4.0000273440	0.0000000000	0.0000000000	0.0004578621	-0.0011190873	-0.0718650000	0.0718751711	0	20032018	75323
4.0000273440	0.0300000000	340.0000000000	-0.0031440000	-0.0012760000	-0.0715720000	0.0716523837	1	20032018	75323
4.0000273440	0.0600000000	70.0000000000	-0.0069640000	-0.0000330000	-0.0711360000	0.0714760721	2	20032018	75323
4.0000273440	0.0900000000	340.0000000000	-0.0089890000	-0.0011730000	-0.0706950000	0.0712738457	3	20032018	75323
4.0000273440	0.1200000000	250.0000000000	-0.0108430000	0.0005260000	-0.0695750000	0.0704168158	4	20032018	75323
4.0000273440	0.1500000000	70.0000000000	-0.0149690000	0.0000770000	-0.0671940000	0.0688411979	5	20032018	75323
4.0500131840	0.0000000000	0.0000000000	0.0005421373	-0.0009986477	-0.0626200000	0.0626303090	0	20032018	75325
4.0500131840	0.0300000000	340.0000000000	-0.0027200000	-0.0009850000	-0.0622950000	0.0623621331	1	20032018	75325
4.0500131840	0.0600000000	70.0000000000	-0.0058360000	-0.0000300000	-0.0620360000	0.0623099117	2	20032018	75325
4.0500131840	0.0900000000	340.0000000000	-0.0075560000	-0.0009670000	-0.0617870000	0.0622548118	3	20032018	75325
4.0500131840	0.1200000000	250.0000000000	-0.0090440000	0.0005020000	-0.0608230000	0.0614937661	4	20032018	75325
4.0500131840	0.1500000000	70.0000000000	-0.0125880000	0.0001980000	-0.0588240000	0.0601561296	5	20032018	75325
4.1000244140	0.0000000000	0.0000000000	0.0004806703	-0.0008400608	-0.0549170000	0.0549255281	0	20032018	75327
4.1000244140	0.0300000000	340.0000000000	-0.0023660000	-0.0008920000	-0.0546420000	0.0547004733	1	20032018	75327
4.1000244140	0.0600000000	70.0000000000	-0.0047720000	-0.0000510000	-0.0544560000	0.0546647100	2	20032018	75327
4.1000244140	0.0900000000	340.0000000000	-0.0064250000	-0.0008680000	-0.0542550000	0.0546410018	3	20032018	75327
4.1000244140	0.1200000000	250.0000000000	-0.0076080000	0.0003990000	-0.0534600000	0.0540001154	4	20032018	75327
4.1000244140	0.1500000000	70.0000000000	-0.0105290000	0.0002250000	-0.0518230000	0.0528822635	5	20032018	75327
