#z (m)	r (m)	phi (deg) 	Br (T)	Bphi (T)	Bz (T)	B (T)	probeID	Date (DDMMYYY)	Time (24-HH:MM:SS)
3.3250000000	0.0000000000	0.0000000000	-0.0036825780	0.0101564122	2.1102550000	2.1102826538	0	22032018	90522
3.3250000000	0.0000000000	0.0000000000	0.0085000000	-0.0083680000	2.1101340000	2.1101677117	0	22032018	90309
3.3250000000	0.0000000000	0.0000000000	0.0095332609	0.0005010962	2.1102160000	2.1102375935	0	22032018	90353
3.3250000000	0.0000000000	0.0000000000	-0.0120763886	-0.0052848723	2.1102740000	2.1103151717	0	22032018	90725
3.3250017090	0.0000000000	0.0000000000	0.0088678707	0.0026745741	2.1102110000	2.1102313278	0	22032018	90404
3.3250017090	0.0000000000	0.0000000000	-0.0028142866	-0.0135092502	2.1102180000	2.1102631181	0	22032018	90150
3.3250017090	0.0000000000	0.0000000000	0.0013741671	0.0090683909	2.1102080000	2.1102279325	0	22032018	90500
3.3250017090	0.0000000000	0.0000000000	-0.0105167765	-0.0094776211	2.1103020000	2.1103494874	0	22032018	90747
3.3250017090	0.0000000000	0.0000000000	-0.0110956236	0.0046412458	2.1103370000	2.1103712725	0	22032018	90618
3.3250017090	0.0000000000	0.0000000000	0.0079137964	0.0048590974	2.1102020000	2.1102224337	0	22032018	90415
3.3250017090	0.0000000000	0.0000000000	0.0051797759	0.0079878954	2.1102570000	2.1102784751	0	22032018	90438
3.3250017090	0.0000000000	0.0000000000	0.0093980673	-0.0042169871	2.1102600000	2.1102851405	0	22032018	90331
3.3250017090	0.0000000000	0.0000000000	0.0090213313	-0.0065205237	2.1101530000	2.1101823582	0	22032018	90320
3.3250017090	0.0000000000	0.0000000000	0.0034610000	0.0090810000	2.1102510000	2.1102733771	0	22032018	90449
3.3250017090	0.0000000000	0.0000000000	0.0019529986	-0.0139347486	2.1101510000	2.1101979135	0	22032018	90213
3.3250017090	0.0000000000	0.0000000000	-0.0123918945	-0.0001737563	2.1102220000	2.1102583914	0	22032018	90651
3.3250017090	0.0000000000	0.0000000000	-0.0115300000	0.0036790000	2.1103010000	2.1103357047	0	22032018	90629
3.3250017090	0.0000000000	0.0000000000	0.0040435711	-0.0134654817	2.1101810000	2.1102278366	0	22032018	90224
3.3250031740	0.0000000000	0.0000000000	-0.0124348993	0.0022285592	2.1103020000	2.1103398125	0	22032018	90640
3.3250031740	0.0000000000	0.0000000000	-0.0051500151	-0.0129124600	2.1102800000	2.1103257883	0	22032018	90139
3.3250048830	0.0000000000	0.0000000000	-0.0123984120	-0.0013593204	2.1102920000	2.1103288591	0	22032018	90703
3.3250048830	0.0000000000	0.0000000000	-0.0113462676	0.0067656720	2.1102650000	2.1103063480	0	22032018	90607
3.3250048830	0.0000000000	0.0000000000	-0.0081201049	0.0085014687	2.1102730000	2.1103057469	0	22032018	90544
3.3250048830	0.0000000000	0.0000000000	0.0067195698	0.0068222008	2.1101970000	2.1102187265	0	22032018	90426
3.3250063480	0.0000000000	0.0000000000	0.0096963501	-0.0013565710	2.1101370000	2.1101597139	0	22032018	90342
3.3250075680	0.0000000000	0.0000000000	0.0025193529	0.0092046024	2.1102350000	2.1102565785	0	22032018	90454
3.3250075680	0.0000000000	0.0000000000	-0.0111661877	-0.0085467269	2.1102210000	2.1102678501	0	22032018	90742
3.3250075680	0.0000000000	0.0000000000	-0.0124151112	-0.0025038273	2.1102700000	2.1103080053	0	22032018	90708
3.3250080570	0.0000000000	0.0000000000	-0.0115327491	-0.0071333074	2.1102730000	2.1103165694	0	22032018	90736
3.3250092770	0.0000000000	0.0000000000	-0.0070222774	0.0091747105	2.1102980000	2.1103296275	0	22032018	90539
3.3250092770	0.0000000000	0.0000000000	-0.0109693681	0.0048806156	2.1103830000	2.1104171517	0	22032018	90624
3.3250092770	0.0000000000	0.0000000000	-0.0014770455	-0.0140252865	2.1102040000	2.1102511253	0	22032018	90156
3.3250092770	0.0000000000	0.0000000000	0.0073748883	0.0059176778	2.1102950000	2.1103161836	0	22032018	90421
3.3250092770	0.0000000000	0.0000000000	-0.0120006905	0.0013282518	2.1102800000	2.1103145404	0	22032018	90646
3.3250092770	0.0000000000	0.0000000000	-0.0127179279	-0.0014662001	2.1103060000	2.1103448318	0	22032018	90657
3.3250092770	0.0000000000	0.0000000000	-0.0122930514	-0.0048854008	2.1102950000	2.1103364597	0	22032018	90719
3.3250092770	0.0000000000	0.0000000000	0.0067625190	-0.0122121471	2.1101410000	2.1101871737	0	22032018	90241
3.3250092770	0.0000000000	0.0000000000	-0.0040906633	-0.0131239286	2.1102230000	2.1102677747	0	22032018	90145
3.3250092770	0.0000000000	0.0000000000	-0.0091491847	0.0088051502	2.1102920000	2.1103302025	0	22032018	90550
3.3250092770	0.0000000000	0.0000000000	-0.0118881402	-0.0066132325	2.1102750000	2.1103188476	0	22032018	90730
3.3250092770	0.0000000000	0.0000000000	0.0044135597	0.0090156402	2.1102300000	2.1102538743	0	22032018	90443
3.3250092770	0.0000000000	0.0000000000	0.0091731174	-0.0053263122	2.1101600000	2.1101866603	0	22032018	90325
3.3250092770	0.0000000000	0.0000000000	-0.0123530888	0.0032938916	2.1102960000	2.1103347261	0	22032018	90635
3.3250092770	0.0000000000	0.0000000000	0.0084122535	0.0039051720	2.1101930000	2.1102133811	0	22032018	90410
3.3250092770	0.0000000000	0.0000000000	0.0030433876	-0.0135566512	2.1101660000	2.1102117412	0	22032018	90218
3.3250092770	0.0000000000	0.0000000000	0.0000771125	0.0097346586	2.1102650000	2.1102874543	0	22032018	90505
3.3250092770	0.0000000000	0.0000000000	-0.0111455891	0.0056533230	2.1102540000	2.1102910057	0	22032018	90612
3.3250092770	0.0000000000	0.0000000000	0.0050272529	-0.0132692262	2.1101680000	2.1102157079	0	22032018	90229
3.3250092770	0.0000000000	0.0000000000	-0.0110862052	0.0076510793	2.1102580000	2.1103009903	0	22032018	90601
3.3250092770	0.0000000000	0.0000000000	0.0097033219	-0.0029605825	2.1101690000	2.1101933864	0	22032018	90336
3.3250092770	0.0000000000	0.0000000000	0.0097479454	-0.0004917381	2.1101710000	2.1101935725	0	22032018	90348
3.3250092770	0.0000000000	0.0000000000	-0.0048419548	0.0097585898	2.1102200000	2.1102481188	0	22032018	90528
3.3250092770	0.0000000000	0.0000000000	0.0086220732	-0.0073806223	2.1101630000	2.1101935220	0	22032018	90314
3.3250092770	0.0000000000	0.0000000000	0.0092871405	0.0017380685	2.1102290000	2.1102501521	0	22032018	90359
3.3250092770	0.0000000000	0.0000000000	0.0059360120	0.0074598347	2.1102680000	2.1102895340	0	22032018	90432
3.3250095210	0.0000000000	0.0000000000	0.0073189127	-0.0113954450	2.1101340000	2.1101774619	0	22032018	90246
3.3250095210	0.0000000000	0.0000000000	0.0059384672	-0.0124802731	2.1101500000	2.1101952623	0	22032018	90235
3.3250095210	0.0000000000	0.0000000000	-0.0079370000	-0.0107910000	2.1102980000	2.1103405153	0	22032018	90128
3.3250095210	0.0000000000	0.0000000000	-0.0125299294	-0.0046290831	2.1102490000	2.1102912760	0	22032018	90714
3.3250095210	0.0000000000	0.0000000000	0.0079528680	-0.0098933025	2.1101410000	2.1101791785	0	22032018	90257
3.3250095210	0.0000000000	0.0000000000	-0.0089997165	-0.0107342937	2.1103100000	2.1103564903	0	22032018	90117
3.3250095210	0.0000000000	0.0000000000	-0.0059855737	0.0092273333	2.1102840000	2.1103126620	0	22032018	90533
3.3250107420	0.0000000000	0.0000000000	0.0077235516	-0.0104034927	2.1101430000	2.1101827803	0	22032018	90252
3.3250107420	0.0000000000	0.0000000000	0.0082952957	-0.0091247049	2.1101740000	2.1102100328	0	22032018	90303
3.3250107420	0.0000000000	0.0000000000	-0.0096531180	-0.0104713933	2.1102110000	2.1102590593	0	22032018	90112
3.3250107420	0.0000000000	0.0000000000	-0.0023398286	0.0094141812	2.1102970000	2.1103192957	0	22032018	90517
3.3250107420	0.0000000000	0.0000000000	0.0009206613	-0.0141779911	2.1102060000	2.1102538296	0	22032018	90207
3.3250107420	0.0000000000	0.0000000000	-0.0062790879	-0.0125500152	2.1102630000	2.1103096595	0	22032018	90134
3.3250112300	0.0000000000	0.0000000000	-0.0003287034	-0.0138706690	2.1102480000	2.1102936111	0	22032018	90202
3.3250124510	0.0000000000	0.0000000000	-0.0080483427	-0.0115966695	2.1102270000	2.1102742121	0	22032018	90123
3.3250126950	0.0000000000	0.0000000000	-0.0101096566	0.0078875611	2.1103000000	2.1103389559	0	22032018	90556
3.3250144040	0.0000000000	0.0000000000	-0.0011649773	0.0097676135	2.1102800000	2.1103029266	0	22032018	90511
3.3250222170	0.0000000000	0.0000000000	-0.0104303110	-0.0094622681	2.1103260000	2.1103729889	0	22032018	90044
3.3250107420	0.0300000000	5.0000000000	-0.0352350000	-0.0062640000	2.1105630000	2.1108663908	1	22032018	90134
3.3250031740	0.0300000000	10.0000000000	-0.0350810000	-0.0062080000	2.1105950000	2.1108956558	1	22032018	90139
3.3250092770	0.0300000000	15.0000000000	-0.0351750000	-0.0060820000	2.1105980000	2.1108998529	1	22032018	90145
3.3250017090	0.0300000000	20.0000000000	-0.0352090000	-0.0060640000	2.1106520000	2.1109543602	1	22032018	90150
3.3250092770	0.0300000000	25.0000000000	-0.0352630000	-0.0064130000	2.1106800000	2.1109842889	1	22032018	90156
3.3250112300	0.0300000000	30.0000000000	-0.0352440000	-0.0061210000	2.1107160000	2.1110190996	1	22032018	90202
3.3250107420	0.0300000000	35.0000000000	-0.0356090000	-0.0064400000	2.1107590000	2.1110691676	1	22032018	90207
3.3250017090	0.0300000000	40.0000000000	-0.0357220000	-0.0061470000	2.1107510000	2.1110622044	1	22032018	90213
3.3250092770	0.0300000000	45.0000000000	-0.0358170000	-0.0058080000	2.1108360000	2.1111478416	1	22032018	90218
3.3250017090	0.0300000000	50.0000000000	-0.0362420000	-0.0058890000	2.1108120000	2.1111313228	1	22032018	90224
3.3250092770	0.0300000000	55.0000000000	-0.0366820000	-0.0059430000	2.1108210000	2.1111480721	1	22032018	90229
3.3250095210	0.0300000000	60.0000000000	-0.0364400000	-0.0054320000	2.1108760000	2.1111974961	1	22032018	90235
3.3250092770	0.0300000000	65.0000000000	-0.0370620000	-0.0053400000	2.1108630000	2.1111950910	1	22032018	90241
3.3250095210	0.0300000000	70.0000000000	-0.0370950000	-0.0048960000	2.1108850000	2.1112165908	1	22032018	90246
3.3250107420	0.0300000000	75.0000000000	-0.0369040000	-0.0042080000	2.1109620000	2.1112887481	1	22032018	90252
3.3250095210	0.0300000000	80.0000000000	-0.0372500000	-0.0037390000	2.1109450000	2.1112769443	1	22032018	90257
3.3250107420	0.0300000000	85.0000000000	-0.0372570000	-0.0033000000	2.1109390000	2.1112703370	1	22032018	90303
3.3250000000	0.0300000000	90.0000000000	-0.0372200000	-0.0028180000	2.1109340000	2.1112639868	1	22032018	90309
3.3250092770	0.0300000000	95.0000000000	-0.0368020000	-0.0023410000	2.1110210000	2.1113430631	1	22032018	90314
3.3250017090	0.0300000000	100.0000000000	-0.0365170000	-0.0022780000	2.1110070000	2.1113240478	1	22032018	90320
3.3250092770	0.0300000000	105.0000000000	-0.0358540000	-0.0021740000	2.1111300000	2.1114355573	1	22032018	90325
3.3250017090	0.0300000000	110.0000000000	-0.0356310000	-0.0017710000	2.1111170000	2.1114184077	1	22032018	90331
3.3250092770	0.0300000000	115.0000000000	-0.0354440000	-0.0014830000	2.1111870000	2.1114850285	1	22032018	90336
3.3250063480	0.0300000000	120.0000000000	-0.0344900000	-0.0018060000	2.1112050000	2.1114874789	1	22032018	90342
3.3250092770	0.0300000000	125.0000000000	-0.0347020000	-0.0013600000	2.1111890000	2.1114746203	1	22032018	90348
3.3250000000	0.0300000000	130.0000000000	-0.0344260000	-0.0011900000	2.1111350000	2.1114160068	1	22032018	90353
3.3250092770	0.0300000000	135.0000000000	-0.0338840000	-0.0013940000	2.1112020000	2.1114743554	1	22032018	90359
3.3250017090	0.0300000000	140.0000000000	-0.0336870000	-0.0011190000	2.1112050000	2.1114740392	1	22032018	90404
3.3250092770	0.0300000000	145.0000000000	-0.0330840000	-0.0015890000	2.1111940000	2.1114538076	1	22032018	90410
3.3250017090	0.0300000000	150.0000000000	-0.0328940000	-0.0016590000	2.1111710000	2.1114278957	1	22032018	90415
3.3250092770	0.0300000000	155.0000000000	-0.0325130000	-0.0020920000	2.1111690000	2.1114203793	1	22032018	90421
3.3250048830	0.0300000000	160.0000000000	-0.0323290000	-0.0022670000	2.1111430000	2.1113917377	1	22032018	90426
3.3250092770	0.0300000000	165.0000000000	-0.0321410000	-0.0023920000	2.1110960000	2.1113420108	1	22032018	90432
3.3250017090	0.0300000000	170.0000000000	-0.0320510000	-0.0024430000	2.1111100000	2.1113546995	1	22032018	90438
3.3250092770	0.0300000000	175.0000000000	-0.0318130000	-0.0033500000	2.1111090000	2.1113513444	1	22032018	90443
3.3250017090	0.0300000000	180.0000000000	-0.0317150000	-0.0029880000	2.1110220000	2.1112623366	1	22032018	90449
3.3250075680	0.0300000000	185.0000000000	-0.0315250000	-0.0028790000	2.1110320000	2.1112693384	1	22032018	90454
3.3250017090	0.0300000000	190.0000000000	-0.0309850000	-0.0028290000	2.1110100000	2.1112392791	1	22032018	90500
3.3250092770	0.0300000000	195.0000000000	-0.0307800000	-0.0033450000	2.1109960000	2.1112230364	1	22032018	90505
3.3250144040	0.0300000000	200.0000000000	-0.0304920000	-0.0035980000	2.1109570000	2.1111802774	1	22032018	90511
3.3250107420	0.0300000000	205.0000000000	-0.0301370000	-0.0034960000	2.1108730000	2.1110910172	1	22032018	90517
3.3250000000	0.0300000000	210.0000000000	-0.0301980000	-0.0044500000	2.1108690000	2.1110896847	1	22032018	90522
3.3250092770	0.0300000000	215.0000000000	-0.0299660000	-0.0045480000	2.1109200000	2.1111375824	1	22032018	90528
3.3250095210	0.0300000000	220.0000000000	-0.0297940000	-0.0047300000	2.1107880000	2.1110035614	1	22032018	90533
3.3250092770	0.0300000000	225.0000000000	-0.0300720000	-0.0051920000	2.1107540000	2.1109745926	1	22032018	90539
3.3250048830	0.0300000000	230.0000000000	-0.0298590000	-0.0054290000	2.1107560000	2.1109741650	1	22032018	90544
3.3250092770	0.0300000000	235.0000000000	-0.0306440000	-0.0060380000	2.1106340000	2.1108650819	1	22032018	90550
3.3250126950	0.0300000000	240.0000000000	-0.0305470000	-0.0061230000	2.1107010000	2.1109309135	1	22032018	90556
3.3250092770	0.0300000000	245.0000000000	-0.0311500000	-0.0066130000	2.1106490000	2.1108892097	1	22032018	90601
3.3250048830	0.0300000000	250.0000000000	-0.0312020000	-0.0064320000	2.1105480000	2.1107884299	1	22032018	90607
3.3250092770	0.0300000000	255.0000000000	-0.0311300000	-0.0060510000	2.1105630000	2.1108012385	1	22032018	90612
3.3250017090	0.0300000000	260.0000000000	-0.0311930000	-0.0058180000	2.1104970000	2.1107355209	1	22032018	90618
3.3250092770	0.0300000000	265.0000000000	-0.0318890000	-0.0055740000	2.1104770000	2.1107252652	1	22032018	90624
3.3250017090	0.0300000000	270.0000000000	-0.0315410000	-0.0060250000	2.1104480000	2.1106922789	1	22032018	90629
3.3250092770	0.0300000000	275.0000000000	-0.0317780000	-0.0069920000	2.1103900000	2.1106408225	1	22032018	90635
3.3250031740	0.0300000000	280.0000000000	-0.0315850000	-0.0070220000	2.1103880000	2.1106360253	1	22032018	90640
3.3250092770	0.0300000000	285.0000000000	-0.0314530000	-0.0065750000	2.1103860000	2.1106306145	1	22032018	90646
3.3250017090	0.0300000000	290.0000000000	-0.0313930000	-0.0068070000	2.1104030000	2.1106474547	1	22032018	90651
3.3250092770	0.0300000000	295.0000000000	-0.0315030000	-0.0069350000	2.1103460000	2.1105925170	1	22032018	90657
3.3250048830	0.0300000000	300.0000000000	-0.0318630000	-0.0067650000	2.1103810000	2.1106323652	1	22032018	90703
3.3250075680	0.0300000000	305.0000000000	-0.0319040000	-0.0068540000	2.1104330000	2.1106852655	1	22032018	90708
3.3250095210	0.0300000000	310.0000000000	-0.0318870000	-0.0071860000	2.1104030000	2.1106561164	1	22032018	90714
3.3250092770	0.0300000000	315.0000000000	-0.0322540000	-0.0071150000	2.1103760000	2.1106344556	1	22032018	90719
3.3250000000	0.0300000000	320.0000000000	-0.0325680000	-0.0069410000	2.1104200000	2.1106826925	1	22032018	90725
3.3250092770	0.0300000000	325.0000000000	-0.0329920000	-0.0071180000	2.1103580000	2.1106278749	1	22032018	90730
3.3250080570	0.0300000000	330.0000000000	-0.0333930000	-0.0070600000	2.1104350000	2.1107109763	1	22032018	90736
3.3250075680	0.0300000000	335.0000000000	-0.0337630000	-0.0071800000	2.1104280000	2.1107102681	1	22032018	90742
3.3250017090	0.0300000000	340.0000000000	-0.0341030000	-0.0070240000	2.1103430000	2.1106302208	1	22032018	90747
3.3250222170	0.0300000000	340.0000000000	-0.0340560000	-0.0070140000	2.1104190000	2.1107054183	1	22032018	90044
3.3250107420	0.0300000000	345.0000000000	-0.0343210000	-0.0070460000	2.1103470000	2.1106378272	1	22032018	90112
3.3250095210	0.0300000000	350.0000000000	-0.0347330000	-0.0065550000	2.1104880000	2.1107839651	1	22032018	90117
3.3250124510	0.0300000000	355.0000000000	-0.0348520000	-0.0065000000	2.1104580000	2.1107557608	1	22032018	90123
3.3250095210	0.0300000000	360.0000000000	-0.0355740000	-0.0054310000	2.1105470000	2.1108537715	1	22032018	90128
3.3250092770	0.0600000000	5.0000000000	-0.0904040000	-0.0100860000	2.1220160000	2.1239648102	2	22032018	90635
3.3250031740	0.0600000000	10.0000000000	-0.0903550000	-0.0099850000	2.1220780000	2.1240241911	2	22032018	90640
3.3250092770	0.0600000000	15.0000000000	-0.0898930000	-0.0098540000	2.1222070000	2.1241328592	2	22032018	90646
3.3250017090	0.0600000000	20.0000000000	-0.0905220000	-0.0103920000	2.1221770000	2.1241321629	2	22032018	90651
3.3250092770	0.0600000000	25.0000000000	-0.0909400000	-0.0106280000	2.1222400000	2.1242141266	2	22032018	90657
3.3250048830	0.0600000000	30.0000000000	-0.0902850000	-0.0094800000	2.1225330000	2.1244734848	2	22032018	90703
3.3250075680	0.0600000000	35.0000000000	-0.0904650000	-0.0095640000	2.1225700000	2.1245184846	2	22032018	90708
3.3250095210	0.0600000000	40.0000000000	-0.0916580000	-0.0104310000	2.1224110000	2.1244148483	2	22032018	90714
3.3250092770	0.0600000000	45.0000000000	-0.0913230000	-0.0095510000	2.1226490000	2.1246340601	2	22032018	90719
3.3250000000	0.0600000000	50.0000000000	-0.0910790000	-0.0088750000	2.1227870000	2.1247585268	2	22032018	90725
3.3250092770	0.0600000000	55.0000000000	-0.0916990000	-0.0088750000	2.1227410000	2.1247392370	2	22032018	90730
3.3250080570	0.0600000000	60.0000000000	-0.0915180000	-0.0082860000	2.1228470000	2.1248349554	2	22032018	90736
3.3250075680	0.0600000000	65.0000000000	-0.0922670000	-0.0082260000	2.1228640000	2.1248840977	2	22032018	90742
3.3250017090	0.0600000000	70.0000000000	-0.0926610000	-0.0080980000	2.1229360000	2.1249726819	2	22032018	90747
3.3250222170	0.0600000000	70.0000000000	-0.0927410000	-0.0081430000	2.1229340000	2.1249743457	2	22032018	90044
3.3250107420	0.0600000000	75.0000000000	-0.0929140000	-0.0080590000	2.1228870000	2.1249346281	2	22032018	90112
3.3250095210	0.0600000000	80.0000000000	-0.0923280000	-0.0074890000	2.1230800000	2.1250998167	2	22032018	90117
3.3250124510	0.0600000000	85.0000000000	-0.0927210000	-0.0074900000	2.1230560000	2.1250929540	2	22032018	90123
3.3250095210	0.0600000000	90.0000000000	-0.0897020000	-0.0066300000	2.1235170000	2.1254211006	2	22032018	90128
3.3250107420	0.0600000000	95.0000000000	-0.0925480000	-0.0071790000	2.1231890000	2.1252172124	2	22032018	90134
3.3250031740	0.0600000000	100.0000000000	-0.0922750000	-0.0071250000	2.1232090000	2.1252251408	2	22032018	90139
3.3250092770	0.0600000000	105.0000000000	-0.0920960000	-0.0070340000	2.1232860000	2.1252940004	2	22032018	90145
3.3250017090	0.0600000000	110.0000000000	-0.0919980000	-0.0070840000	2.1232010000	2.1252050022	2	22032018	90150
3.3250092770	0.0600000000	115.0000000000	-0.0924350000	-0.0068770000	2.1230730000	2.1250954063	2	22032018	90156
3.3250112300	0.0600000000	120.0000000000	-0.0919090000	-0.0070570000	2.1232120000	2.1252120512	2	22032018	90202
3.3250107420	0.0600000000	125.0000000000	-0.0923130000	-0.0065550000	2.1231120000	2.1251280485	2	22032018	90207
3.3250017090	0.0600000000	130.0000000000	-0.0919100000	-0.0065870000	2.1229880000	2.1249867964	2	22032018	90213
3.3250092770	0.0600000000	135.0000000000	-0.0913240000	-0.0067400000	2.1230710000	2.1250449340	2	22032018	90218
3.3250017090	0.0600000000	140.0000000000	-0.0914800000	-0.0061940000	2.1229790000	2.1249580679	2	22032018	90224
3.3250092770	0.0600000000	145.0000000000	-0.0914670000	-0.0058060000	2.1229510000	2.1249284388	2	22032018	90229
3.3250095210	0.0600000000	150.0000000000	-0.0909900000	-0.0062820000	2.1229260000	2.1248843369	2	22032018	90235
3.3250092770	0.0600000000	155.0000000000	-0.0908480000	-0.0056710000	2.1228060000	2.1247566527	2	22032018	90241
3.3250095210	0.0600000000	160.0000000000	-0.0902890000	-0.0058370000	2.1228340000	2.1247612491	2	22032018	90246
3.3250107420	0.0600000000	165.0000000000	-0.0894810000	-0.0059860000	2.1228460000	2.1247394714	2	22032018	90252
3.3250095210	0.0600000000	170.0000000000	-0.0888790000	-0.0055020000	2.1228610000	2.1247278823	2	22032018	90257
3.3250107420	0.0600000000	175.0000000000	-0.0882550000	-0.0054420000	2.1228340000	2.1246747403	2	22032018	90303
3.3250000000	0.0600000000	180.0000000000	-0.0876500000	-0.0053690000	2.1227590000	2.1245745741	2	22032018	90309
3.3250092770	0.0600000000	185.0000000000	-0.0870340000	-0.0056220000	2.1227710000	2.1245618942	2	22032018	90314
3.3250017090	0.0600000000	190.0000000000	-0.0867660000	-0.0057940000	2.1226840000	2.1244644674	2	22032018	90320
3.3250092770	0.0600000000	195.0000000000	-0.0864050000	-0.0063080000	2.1226410000	2.1244082540	2	22032018	90325
3.3250017090	0.0600000000	200.0000000000	-0.0861470000	-0.0068720000	2.1225780000	2.1243365779	2	22032018	90331
3.3250092770	0.0600000000	205.0000000000	-0.0860970000	-0.0075260000	2.1225130000	2.1242718209	2	22032018	90336
3.3250063480	0.0600000000	210.0000000000	-0.0860270000	-0.0083040000	2.1224260000	2.1241849558	2	22032018	90342
3.3250092770	0.0600000000	215.0000000000	-0.0859290000	-0.0086790000	2.1223830000	2.1241395238	2	22032018	90348
3.3250000000	0.0600000000	220.0000000000	-0.0859470000	-0.0090740000	2.1222900000	2.1240489798	2	22032018	90353
3.3250092770	0.0600000000	225.0000000000	-0.0860370000	-0.0094740000	2.1222070000	2.1239714388	2	22032018	90359
3.3250017090	0.0600000000	230.0000000000	-0.0860700000	-0.0099100000	2.1221650000	2.1239328003	2	22032018	90404
3.3250092770	0.0600000000	235.0000000000	-0.0863680000	-0.0101140000	2.1220740000	2.1238549352	2	22032018	90410
3.3250017090	0.0600000000	240.0000000000	-0.0866640000	-0.0104600000	2.1219580000	2.1237527667	2	22032018	90415
3.3250092770	0.0600000000	245.0000000000	-0.0870890000	-0.0105720000	2.1219030000	2.1237157537	2	22032018	90421
3.3250048830	0.0600000000	250.0000000000	-0.0873460000	-0.0106360000	2.1217710000	2.1235947412	2	22032018	90426
3.3250092770	0.0600000000	255.0000000000	-0.0875060000	-0.0107880000	2.1217240000	2.1235551354	2	22032018	90432
3.3250017090	0.0600000000	260.0000000000	-0.0876280000	-0.0107960000	2.1216420000	2.1234782778	2	22032018	90438
3.3250092770	0.0600000000	265.0000000000	-0.0878000000	-0.0107130000	2.1215590000	2.1234020342	2	22032018	90443
3.3250017090	0.0600000000	270.0000000000	-0.0875870000	-0.0107770000	2.1215650000	2.1233995563	2	22032018	90449
3.3250075680	0.0600000000	275.0000000000	-0.0874810000	-0.0108220000	2.1215920000	2.1234223922	2	22032018	90454
3.3250017090	0.0600000000	280.0000000000	-0.0871710000	-0.0112370000	2.1215690000	2.1233888187	2	22032018	90500
3.3250092770	0.0600000000	285.0000000000	-0.0875570000	-0.0116480000	2.1215190000	2.1233569581	2	22032018	90505
3.3250144040	0.0600000000	290.0000000000	-0.0876920000	-0.0119760000	2.1214710000	2.1233163955	2	22032018	90511
3.3250107420	0.0600000000	295.0000000000	-0.0876410000	-0.0121670000	2.1215140000	2.1233583383	2	22032018	90517
3.3250000000	0.0600000000	300.0000000000	-0.0883560000	-0.0124520000	2.1214210000	2.1232967043	2	22032018	90522
3.3250092770	0.0600000000	305.0000000000	-0.0884120000	-0.0126260000	2.1214080000	2.1232870743	2	22032018	90528
3.3250095210	0.0600000000	310.0000000000	-0.0885560000	-0.0128600000	2.1214290000	2.1233154610	2	22032018	90533
3.3250092770	0.0600000000	315.0000000000	-0.0889010000	-0.0128680000	2.1214120000	2.1233129414	2	22032018	90539
3.3250048830	0.0600000000	320.0000000000	-0.0891880000	-0.0130640000	2.1213730000	2.1232872092	2	22032018	90544
3.3250092770	0.0600000000	325.0000000000	-0.0898190000	-0.0126900000	2.1213960000	2.1233345186	2	22032018	90550
3.3250126950	0.0600000000	330.0000000000	-0.0901150000	-0.0128220000	2.1214290000	2.1233808229	2	22032018	90556
3.3250092770	0.0600000000	335.0000000000	-0.0906910000	-0.0125580000	2.1213950000	2.1233697998	2	22032018	90601
3.3250048830	0.0600000000	340.0000000000	-0.0904620000	-0.0122850000	2.1215350000	2.1234983049	2	22032018	90607
3.3250092770	0.0600000000	345.0000000000	-0.0899070000	-0.0120590000	2.1216020000	2.1235403774	2	22032018	90612
3.3250017090	0.0600000000	350.0000000000	-0.0895660000	-0.0118780000	2.1217780000	2.1237007879	2	22032018	90618
3.3250092770	0.0600000000	355.0000000000	-0.0891840000	-0.0106520000	2.1220030000	2.1239030070	2	22032018	90624
3.3250017090	0.0600000000	360.0000000000	-0.0895390000	-0.0107780000	2.1219410000	2.1238566348	2	22032018	90629
3.3250107420	0.0900000000	5.0000000000	-0.1582330000	-0.0033670000	2.1225030000	2.1283956408	3	22032018	90134
3.3250031740	0.0900000000	10.0000000000	-0.1581510000	-0.0032300000	2.1226530000	2.1285389191	3	22032018	90139
3.3250092770	0.0900000000	15.0000000000	-0.1583450000	-0.0031790000	2.1228320000	2.1287317692	3	22032018	90145
3.3250017090	0.0900000000	20.0000000000	-0.1585570000	-0.0030980000	2.1228940000	2.1288092576	3	22032018	90150
3.3250092770	0.0900000000	25.0000000000	-0.1592270000	-0.0037790000	2.1229860000	2.1289521072	3	22032018	90156
3.3250112300	0.0900000000	30.0000000000	-0.1591940000	-0.0031150000	2.1232050000	2.1291669509	3	22032018	90202
3.3250107420	0.0900000000	35.0000000000	-0.1601610000	-0.0037740000	2.1232890000	2.1293242981	3	22032018	90207
3.3250017090	0.0900000000	40.0000000000	-0.1603970000	-0.0033260000	2.1233640000	2.1294161022	3	22032018	90213
3.3250092770	0.0900000000	45.0000000000	-0.1604110000	-0.0025170000	2.1235770000	2.1296284416	3	22032018	90218
3.3250017090	0.0900000000	50.0000000000	-0.1613610000	-0.0029030000	2.1234880000	2.1296119566	3	22032018	90224
3.3250092770	0.0900000000	55.0000000000	-0.1624120000	-0.0032610000	2.1235360000	2.1297402272	3	22032018	90229
3.3250095210	0.0900000000	60.0000000000	-0.1621290000	-0.0022390000	2.1236880000	2.1298689037	3	22032018	90235
3.3250092770	0.0900000000	65.0000000000	-0.1632340000	-0.0023640000	2.1235540000	2.1298198323	3	22032018	90241
3.3250095210	0.0900000000	70.0000000000	-0.1632900000	-0.0015510000	2.1236170000	2.1298861924	3	22032018	90246
3.3250107420	0.0900000000	75.0000000000	-0.1633010000	-0.0009060000	2.1239150000	2.1301837866	3	22032018	90252
3.3250095210	0.0900000000	80.0000000000	-0.1642600000	-0.0006190000	2.1237890000	2.1301317911	3	22032018	90257
3.3250107420	0.0900000000	85.0000000000	-0.1647780000	-0.0003370000	2.1238810000	2.1302634591	3	22032018	90303
3.3250000000	0.0900000000	90.0000000000	-0.1651480000	0.0001010000	2.1237920000	2.1302033545	3	22032018	90309
3.3250092770	0.0900000000	95.0000000000	-0.1648050000	0.0005240000	2.1238940000	2.1302785465	3	22032018	90314
3.3250017090	0.0900000000	100.0000000000	-0.1647440000	0.0006520000	2.1239850000	2.1303645911	3	22032018	90320
3.3250092770	0.0900000000	105.0000000000	-0.1641520000	0.0009650000	2.1240490000	2.1303828212	3	22032018	90325
3.3250017090	0.0900000000	110.0000000000	-0.1638110000	0.0016680000	2.1241840000	2.1304916080	3	22032018	90331
3.3250092770	0.0900000000	115.0000000000	-0.1633480000	0.0023420000	2.1242800000	2.1305524102	3	22032018	90336
3.3250063480	0.0900000000	120.0000000000	-0.1620760000	0.0023980000	2.1244870000	2.1306617266	3	22032018	90342
3.3250092770	0.0900000000	125.0000000000	-0.1620270000	0.0031610000	2.1244190000	2.1305911922	3	22032018	90348
3.3250000000	0.0900000000	130.0000000000	-0.1614730000	0.0036200000	2.1244560000	2.1305867572	3	22032018	90353
3.3250092770	0.0900000000	135.0000000000	-0.1607010000	0.0037200000	2.1245270000	2.1305993578	3	22032018	90359
3.3250017090	0.0900000000	140.0000000000	-0.1601840000	0.0040910000	2.1245700000	2.1306039836	3	22032018	90404
3.3250092770	0.0900000000	145.0000000000	-0.1593650000	0.0034830000	2.1245150000	2.1304866392	3	22032018	90410
3.3250017090	0.0900000000	150.0000000000	-0.1589980000	0.0034040000	2.1244700000	2.1304142161	3	22032018	90415
3.3250092770	0.0900000000	155.0000000000	-0.1584330000	0.0027200000	2.1244890000	2.1303900875	3	22032018	90421
3.3250048830	0.0900000000	160.0000000000	-0.1579760000	0.0025250000	2.1244160000	2.1302831111	3	22032018	90426
3.3250092770	0.0900000000	165.0000000000	-0.1576040000	0.0021450000	2.1243370000	2.1301763569	3	22032018	90432
3.3250017090	0.0900000000	170.0000000000	-0.1574370000	0.0019910000	2.1241970000	2.1300242411	3	22032018	90438
3.3250092770	0.0900000000	175.0000000000	-0.1570520000	0.0010920000	2.1240980000	2.1298964380	3	22032018	90443
3.3250017090	0.0900000000	180.0000000000	-0.1567880000	0.0013690000	2.1240620000	2.1298412455	3	22032018	90449
3.3250075680	0.0900000000	185.0000000000	-0.1563040000	0.0013220000	2.1240890000	2.1298325681	3	22032018	90454
3.3250017090	0.0900000000	190.0000000000	-0.1557230000	0.0012230000	2.1239190000	2.1296204044	3	22032018	90500
3.3250092770	0.0900000000	195.0000000000	-0.1549270000	0.0010910000	2.1240090000	2.1296520368	3	22032018	90505
3.3250144040	0.0900000000	200.0000000000	-0.1543410000	0.0008700000	2.1240180000	2.1296183615	3	22032018	90511
3.3250107420	0.0900000000	205.0000000000	-0.1539690000	0.0008600000	2.1239320000	2.1295056546	3	22032018	90517
3.3250000000	0.0900000000	210.0000000000	-0.1534460000	0.0004430000	2.1238340000	2.1293700314	3	22032018	90522
3.3250092770	0.0900000000	215.0000000000	-0.1531060000	0.0002860000	2.1237540000	2.1292657377	3	22032018	90528
3.3250095210	0.0900000000	220.0000000000	-0.1527200000	0.0000520000	2.1236330000	2.1291173100	3	22032018	90533
3.3250092770	0.0900000000	225.0000000000	-0.1525660000	-0.0001460000	2.1235080000	2.1289815950	3	22032018	90539
3.3250048830	0.0900000000	230.0000000000	-0.1523230000	-0.0006410000	2.1234490000	2.1289054377	3	22032018	90544
3.3250092770	0.0900000000	235.0000000000	-0.1525210000	-0.0007440000	2.1232160000	2.1286872461	3	22032018	90550
3.3250126950	0.0900000000	240.0000000000	-0.1526250000	-0.0012500000	2.1230520000	2.1285313594	3	22032018	90556
3.3250092770	0.0900000000	245.0000000000	-0.1526580000	-0.0014660000	2.1229910000	2.1284730208	3	22032018	90601
3.3250048830	0.0900000000	250.0000000000	-0.1528350000	-0.0015130000	2.1228720000	2.1283670630	3	22032018	90607
3.3250092770	0.0900000000	255.0000000000	-0.1532690000	-0.0017080000	2.1225960000	2.1281231362	3	22032018	90612
3.3250017090	0.0900000000	260.0000000000	-0.1535640000	-0.0018350000	2.1225260000	2.1280746909	3	22032018	90618
3.3250092770	0.0900000000	265.0000000000	-0.1540830000	-0.0017720000	2.1224330000	2.1280193961	3	22032018	90624
3.3250017090	0.0900000000	270.0000000000	-0.1541860000	-0.0025910000	2.1223180000	2.1279129985	3	22032018	90629
3.3250092770	0.0900000000	275.0000000000	-0.1547000000	-0.0039110000	2.1222350000	2.1278695404	3	22032018	90635
3.3250031740	0.0900000000	280.0000000000	-0.1548640000	-0.0042170000	2.1221520000	2.1277992745	3	22032018	90640
3.3250092770	0.0900000000	285.0000000000	-0.1549740000	-0.0039630000	2.1220910000	2.1277459572	3	22032018	90646
3.3250017090	0.0900000000	290.0000000000	-0.1549290000	-0.0040420000	2.1220470000	2.1276989456	3	22032018	90651
3.3250092770	0.0900000000	295.0000000000	-0.1548390000	-0.0039190000	2.1219640000	2.1276093842	3	22032018	90657
3.3250048830	0.0900000000	300.0000000000	-0.1553390000	-0.0038180000	2.1219380000	2.1276197165	3	22032018	90703
3.3250075680	0.0900000000	305.0000000000	-0.1550340000	-0.0035490000	2.1220080000	2.1276668180	3	22032018	90708
3.3250095210	0.0900000000	310.0000000000	-0.1546250000	-0.0035410000	2.1220480000	2.1276769359	3	22032018	90714
3.3250092770	0.0900000000	315.0000000000	-0.1550120000	-0.0034050000	2.1220370000	2.1276939027	3	22032018	90719
3.3250000000	0.0900000000	320.0000000000	-0.1553990000	-0.0033180000	2.1220770000	2.1277618881	3	22032018	90725
3.3250092770	0.0900000000	325.0000000000	-0.1556830000	-0.0034950000	2.1220670000	2.1277729588	3	22032018	90730
3.3250080570	0.0900000000	330.0000000000	-0.1559620000	-0.0033940000	2.1219670000	2.1276934962	3	22032018	90736
3.3250075680	0.0900000000	335.0000000000	-0.1562520000	-0.0035920000	2.1220380000	2.1277859064	3	22032018	90742
3.3250017090	0.0900000000	340.0000000000	-0.1566910000	-0.0036980000	2.1221420000	2.1279220881	3	22032018	90747
3.3250222170	0.0900000000	340.0000000000	-0.1566740000	-0.0037270000	2.1220870000	2.1278660363	3	22032018	90044
3.3250107420	0.0900000000	345.0000000000	-0.1569770000	-0.0037840000	2.1220730000	2.1278745063	3	22032018	90112
3.3250095210	0.0900000000	350.0000000000	-0.1575150000	-0.0035310000	2.1222350000	2.1280753836	3	22032018	90117
3.3250124510	0.0900000000	355.0000000000	-0.1577560000	-0.0035200000	2.1222580000	2.1281161539	3	22032018	90123
3.3250095210	0.0900000000	360.0000000000	-0.1578480000	-0.0013670000	2.1224500000	2.1283119749	3	22032018	90128
3.3250000000	0.1200000000	0.0000000000	-0.2250520000	0.0006660000	2.1262760000	2.1381530522	4	22032018	90309
3.3250092770	0.1200000000	5.0000000000	-0.2257750000	0.0009420000	2.1263010000	2.1382542367	4	22032018	90314
3.3250017090	0.1200000000	10.0000000000	-0.2264180000	0.0010150000	2.1263750000	2.1383958431	4	22032018	90320
3.3250092770	0.1200000000	15.0000000000	-0.2269080000	0.0013530000	2.1264560000	2.1385285107	4	22032018	90325
3.3250017090	0.1200000000	20.0000000000	-0.2276120000	0.0011740000	2.1267110000	2.1388567690	4	22032018	90331
3.3250092770	0.1200000000	25.0000000000	-0.2282700000	0.0010720000	2.1268320000	2.1390471473	4	22032018	90336
3.3250063480	0.1200000000	30.0000000000	-0.2285290000	0.0017040000	2.1271290000	2.1393705126	4	22032018	90342
3.3250092770	0.1200000000	35.0000000000	-0.2295550000	0.0012330000	2.1272110000	2.1395615572	4	22032018	90348
3.3250000000	0.1200000000	40.0000000000	-0.2303210000	0.0013830000	2.1273670000	2.1397990626	4	22032018	90353
3.3250092770	0.1200000000	45.0000000000	-0.2309280000	0.0016650000	2.1275480000	2.1400446270	4	22032018	90359
3.3250017090	0.1200000000	50.0000000000	-0.2318390000	0.0019170000	2.1276410000	2.1402357865	4	22032018	90404
3.3250092770	0.1200000000	55.0000000000	-0.2318640000	0.0026190000	2.1279600000	2.1405563611	4	22032018	90410
3.3250017090	0.1200000000	60.0000000000	-0.2325730000	0.0028360000	2.1281070000	2.1407796820	4	22032018	90415
3.3250092770	0.1200000000	65.0000000000	-0.2326230000	0.0035960000	2.1284250000	2.1411023731	4	22032018	90421
3.3250048830	0.1200000000	70.0000000000	-0.2331420000	0.0039620000	2.1286000000	2.1413334279	4	22032018	90426
3.3250092770	0.1200000000	75.0000000000	-0.2336240000	0.0044820000	2.1287140000	2.1415003048	4	22032018	90432
3.3250017090	0.1200000000	80.0000000000	-0.2342050000	0.0048590000	2.1287890000	2.1416391382	4	22032018	90438
3.3250092770	0.1200000000	85.0000000000	-0.2330840000	0.0055010000	2.1292520000	2.1419786394	4	22032018	90443
3.3250017090	0.1200000000	90.0000000000	-0.2340490000	0.0058900000	2.1290980000	2.1419318197	4	22032018	90449
3.3250075680	0.1200000000	95.0000000000	-0.2344710000	0.0064760000	2.1291040000	2.1419856282	4	22032018	90454
3.3250017090	0.1200000000	100.0000000000	-0.2349590000	0.0073480000	2.1289930000	2.1419315859	4	22032018	90500
3.3250092770	0.1200000000	105.0000000000	-0.2340390000	0.0076470000	2.1293860000	2.1422225531	4	22032018	90505
3.3250144040	0.1200000000	110.0000000000	-0.2339020000	0.0082520000	2.1293890000	2.1422128173	4	22032018	90511
3.3250107420	0.1200000000	115.0000000000	-0.2341270000	0.0090330000	2.1292300000	2.1420825008	4	22032018	90517
3.3250000000	0.1200000000	120.0000000000	-0.2325810000	0.0088610000	2.1296650000	2.1423457823	4	22032018	90522
3.3250092770	0.1200000000	125.0000000000	-0.2324280000	0.0093820000	2.1295620000	2.1422290048	4	22032018	90528
3.3250095210	0.1200000000	130.0000000000	-0.2319290000	0.0099650000	2.1295650000	2.1421805366	4	22032018	90533
3.3250092770	0.1200000000	135.0000000000	-0.2309850000	0.0097840000	2.1297760000	2.1422874707	4	22032018	90539
3.3250048830	0.1200000000	140.0000000000	-0.2304980000	0.0102010000	2.1296460000	2.1421077176	4	22032018	90544
3.3250092770	0.1200000000	145.0000000000	-0.2291430000	0.0091020000	2.1299450000	2.1422546683	4	22032018	90550
3.3250126950	0.1200000000	150.0000000000	-0.2288850000	0.0093100000	2.1297590000	2.1420430475	4	22032018	90556
3.3250092770	0.1200000000	155.0000000000	-0.2280230000	0.0084840000	2.1297780000	2.1419665721	4	22032018	90601
3.3250048830	0.1200000000	160.0000000000	-0.2278910000	0.0083990000	2.1295530000	2.1417284681	4	22032018	90607
3.3250092770	0.1200000000	165.0000000000	-0.2279110000	0.0088170000	2.1292060000	2.1413872499	4	22032018	90612
3.3250017090	0.1200000000	170.0000000000	-0.2277780000	0.0089310000	2.1289720000	2.1411409007	4	22032018	90618
3.3250092770	0.1200000000	175.0000000000	-0.2275670000	0.0078600000	2.1288730000	2.1410158265	4	22032018	90624
3.3250017090	0.1200000000	180.0000000000	-0.2268010000	0.0084590000	2.1288970000	2.1409606920	4	22032018	90629
3.3250092770	0.1200000000	185.0000000000	-0.2254520000	0.0082610000	2.1291250000	2.1410441644	4	22032018	90635
3.3250031740	0.1200000000	190.0000000000	-0.2249620000	0.0085620000	2.1289090000	2.1407790030	4	22032018	90640
3.3250092770	0.1200000000	195.0000000000	-0.2249460000	0.0087790000	2.1286250000	2.1404957754	4	22032018	90646
3.3250017090	0.1200000000	200.0000000000	-0.2242600000	0.0088390000	2.1285710000	2.1403703365	4	22032018	90651
3.3250092770	0.1200000000	205.0000000000	-0.2233680000	0.0084030000	2.1285410000	2.1402454678	4	22032018	90657
3.3250048830	0.1200000000	210.0000000000	-0.2229090000	0.0078400000	2.1284550000	2.1401099446	4	22032018	90703
3.3250075680	0.1200000000	215.0000000000	-0.2223800000	0.0075190000	2.1282660000	2.1398657824	4	22032018	90708
3.3250095210	0.1200000000	220.0000000000	-0.2216480000	0.0073490000	2.1283020000	2.1398250505	4	22032018	90714
3.3250092770	0.1200000000	225.0000000000	-0.2213300000	0.0067770000	2.1281220000	2.1396112132	4	22032018	90719
3.3250000000	0.1200000000	230.0000000000	-0.2211560000	0.0064000000	2.1280120000	2.1394826497	4	22032018	90725
3.3250092770	0.1200000000	235.0000000000	-0.2207080000	0.0058750000	2.1278380000	2.1392618099	4	22032018	90730
3.3250080570	0.1200000000	240.0000000000	-0.2207730000	0.0055690000	2.1276210000	2.1390518579	4	22032018	90736
3.3250075680	0.1200000000	245.0000000000	-0.2205780000	0.0050630000	2.1274750000	2.1388852619	4	22032018	90742
3.3250017090	0.1200000000	250.0000000000	-0.2206060000	0.0046520000	2.1272770000	2.1386902728	4	22032018	90747
3.3250222170	0.1200000000	250.0000000000	-0.2206220000	0.0047260000	2.1272800000	2.1386950695	4	22032018	90044
3.3250107420	0.1200000000	255.0000000000	-0.2206700000	0.0043700000	2.1269520000	2.1383730161	4	22032018	90112
3.3250095210	0.1200000000	260.0000000000	-0.2206610000	0.0040370000	2.1269510000	2.1383704381	4	22032018	90117
3.3250124510	0.1200000000	265.0000000000	-0.2208310000	0.0037980000	2.1267040000	2.1381418706	4	22032018	90123
3.3250095210	0.1200000000	270.0000000000	-0.2210730000	0.0030400000	2.1265620000	2.1380244275	4	22032018	90128
3.3250107420	0.1200000000	275.0000000000	-0.2211440000	0.0035590000	2.1263880000	2.1378595047	4	22032018	90134
3.3250031740	0.1200000000	280.0000000000	-0.2213190000	0.0037650000	2.1261550000	2.1376462193	4	22032018	90139
3.3250092770	0.1200000000	285.0000000000	-0.2212980000	0.0037690000	2.1260760000	2.1375654769	4	22032018	90145
3.3250017090	0.1200000000	290.0000000000	-0.2210660000	0.0037700000	2.1260810000	2.1375464458	4	22032018	90150
3.3250092770	0.1200000000	295.0000000000	-0.2205750000	0.0037830000	2.1262110000	2.1376250509	4	22032018	90156
3.3250112300	0.1200000000	300.0000000000	-0.2204600000	0.0036960000	2.1261490000	2.1375513660	4	22032018	90202
3.3250107420	0.1200000000	305.0000000000	-0.2201330000	0.0036250000	2.1262700000	2.1376378999	4	22032018	90207
3.3250017090	0.1200000000	310.0000000000	-0.2200800000	0.0033600000	2.1261840000	2.1375464668	4	22032018	90213
3.3250092770	0.1200000000	315.0000000000	-0.2201980000	0.0031810000	2.1262900000	2.1376637813	4	22032018	90218
3.3250017090	0.1200000000	320.0000000000	-0.2201430000	0.0028000000	2.1263210000	2.1376884187	4	22032018	90224
3.3250092770	0.1200000000	325.0000000000	-0.2202940000	0.0024820000	2.1264340000	2.1378159797	4	22032018	90229
3.3250095210	0.1200000000	330.0000000000	-0.2206540000	0.0021580000	2.1263230000	2.1377423477	4	22032018	90235
3.3250092770	0.1200000000	335.0000000000	-0.2208950000	0.0016170000	2.1264400000	2.1378831328	4	22032018	90241
3.3250095210	0.1200000000	340.0000000000	-0.2215400000	0.0012910000	2.1264320000	2.1379416945	4	22032018	90246
3.3250107420	0.1200000000	345.0000000000	-0.2223400000	0.0011730000	2.1263810000	2.1379739495	4	22032018	90252
3.3250095210	0.1200000000	350.0000000000	-0.2233160000	0.0008630000	2.1262870000	2.1379820362	4	22032018	90257
3.3250107420	0.1200000000	355.0000000000	-0.2240590000	0.0007760000	2.1263280000	2.1381005124	4	22032018	90303
3.3250092770	0.1500000000	5.0000000000	-0.3413780000	-0.0063100000	2.1267710000	2.1540040950	5	22032018	90635
3.3250031740	0.1500000000	10.0000000000	-0.3421970000	-0.0064530000	2.1269380000	2.1542993487	5	22032018	90640
3.3250092770	0.1500000000	15.0000000000	-0.3426910000	-0.0062890000	2.1274390000	2.1548720082	5	22032018	90646
3.3250017090	0.1500000000	20.0000000000	-0.3440810000	-0.0070160000	2.1273900000	2.1550473709	5	22032018	90651
3.3250092770	0.1500000000	25.0000000000	-0.3451560000	-0.0074850000	2.1275390000	2.1553679236	5	22032018	90657
3.3250048830	0.1500000000	30.0000000000	-0.3455330000	-0.0065500000	2.1281780000	2.1560560188	5	22032018	90703
3.3250075680	0.1500000000	35.0000000000	-0.3465480000	-0.0067680000	2.1283680000	2.1564071196	5	22032018	90708
3.3250095210	0.1500000000	40.0000000000	-0.3484750000	-0.0080420000	2.1280130000	2.1563716812	5	22032018	90714
3.3250092770	0.1500000000	45.0000000000	-0.3491150000	-0.0068190000	2.1285020000	2.1569535336	5	22032018	90719
3.3250000000	0.1500000000	50.0000000000	-0.3498400000	-0.0060330000	2.1288250000	2.1573873791	5	22032018	90725
3.3250092770	0.1500000000	55.0000000000	-0.3511950000	-0.0059850000	2.1288330000	2.1576152785	5	22032018	90730
3.3250080570	0.1500000000	60.0000000000	-0.3517530000	-0.0050460000	2.1292350000	2.1581003963	5	22032018	90736
3.3250075680	0.1500000000	65.0000000000	-0.3531610000	-0.0049200000	2.1290360000	2.1581337279	5	22032018	90742
3.3250017090	0.1500000000	70.0000000000	-0.3542910000	-0.0046500000	2.1291040000	2.1583854100	5	22032018	90747
3.3250222170	0.1500000000	70.0000000000	-0.3543390000	-0.0044930000	2.1290350000	2.1583248933	5	22032018	90044
3.3250107420	0.1500000000	75.0000000000	-0.3550240000	-0.0043470000	2.1289090000	2.1583128752	5	22032018	90112
3.3250095210	0.1500000000	80.0000000000	-0.3549360000	-0.0033490000	2.1297530000	2.1591291348	5	22032018	90117
3.3250124510	0.1500000000	85.0000000000	-0.3555870000	-0.0033250000	2.1296590000	2.1591434937	5	22032018	90123
3.3250095210	0.1500000000	90.0000000000	-0.3510530000	-0.0024230000	2.1326810000	2.1613820411	5	22032018	90128
3.3250107420	0.1500000000	95.0000000000	-0.3560490000	-0.0022460000	2.1300570000	2.1596107886	5	22032018	90134
3.3250031740	0.1500000000	100.0000000000	-0.3559870000	-0.0018970000	2.1301600000	2.1597018240	5	22032018	90139
3.3250092770	0.1500000000	105.0000000000	-0.3559170000	-0.0016810000	2.1303240000	2.1598518657	5	22032018	90145
3.3250017090	0.1500000000	110.0000000000	-0.3558170000	-0.0017560000	2.1302910000	2.1598028997	5	22032018	90150
3.3250092770	0.1500000000	115.0000000000	-0.3564170000	-0.0009040000	2.1298690000	2.1594850896	5	22032018	90156
3.3250112300	0.1500000000	120.0000000000	-0.3555030000	-0.0010500000	2.1301790000	2.1596402611	5	22032018	90202
3.3250107420	0.1500000000	125.0000000000	-0.3557780000	0.0000280000	2.1295660000	2.1590806688	5	22032018	90207
3.3250017090	0.1500000000	130.0000000000	-0.3549810000	0.0000160000	2.1296690000	2.1590510786	5	22032018	90213
3.3250092770	0.1500000000	135.0000000000	-0.3539170000	-0.0003070000	2.1300010000	2.1592039267	5	22032018	90218
3.3250017090	0.1500000000	140.0000000000	-0.3536050000	0.0009030000	2.1294800000	2.1586390115	5	22032018	90224
3.3250092770	0.1500000000	145.0000000000	-0.3532830000	0.0015930000	2.1292880000	2.1583972764	5	22032018	90229
3.3250095210	0.1500000000	150.0000000000	-0.3520640000	0.0009440000	2.1293720000	2.1582805808	5	22032018	90235
3.3250092770	0.1500000000	155.0000000000	-0.3515000000	0.0016070000	2.1291970000	2.1580163802	5	22032018	90241
3.3250095210	0.1500000000	160.0000000000	-0.3503170000	0.0015000000	2.1292640000	2.1578900417	5	22032018	90246
3.3250107420	0.1500000000	165.0000000000	-0.3490260000	0.0012440000	2.1295410000	2.1579540234	5	22032018	90252
3.3250095210	0.1500000000	170.0000000000	-0.3478750000	0.0019890000	2.1295680000	2.1577953653	5	22032018	90257
3.3250107420	0.1500000000	175.0000000000	-0.3467360000	0.0022640000	2.1296430000	2.1576863273	5	22032018	90303
3.3250000000	0.1500000000	180.0000000000	-0.3456670000	0.0023710000	2.1297350000	2.1576057255	5	22032018	90309
3.3250092770	0.1500000000	185.0000000000	-0.3445590000	0.0023290000	2.1299390000	2.1576298275	5	22032018	90314
3.3250017090	0.1500000000	190.0000000000	-0.3437080000	0.0021990000	2.1297080000	2.1572659062	5	22032018	90320
3.3250092770	0.1500000000	195.0000000000	-0.3425850000	0.0016150000	2.1297850000	2.1571627747	5	22032018	90325
3.3250017090	0.1500000000	200.0000000000	-0.3415500000	0.0009040000	2.1298510000	2.1570633978	5	22032018	90331
3.3250092770	0.1500000000	205.0000000000	-0.3407020000	-0.0000390000	2.1297990000	2.1568777515	5	22032018	90336
3.3250063480	0.1500000000	210.0000000000	-0.3399800000	-0.0010130000	2.1296030000	2.1565705099	5	22032018	90342
3.3250092770	0.1500000000	215.0000000000	-0.3390750000	-0.0016640000	2.1296350000	2.1564600292	5	22032018	90348
3.3250000000	0.1500000000	220.0000000000	-0.3384040000	-0.0023680000	2.1294180000	2.1561409725	5	22032018	90353
3.3250092770	0.1500000000	225.0000000000	-0.3378970000	-0.0028950000	2.1292540000	2.1559001276	5	22032018	90359
3.3250017090	0.1500000000	230.0000000000	-0.3372700000	-0.0034630000	2.1289860000	2.1555380844	5	22032018	90404
3.3250092770	0.1500000000	235.0000000000	-0.3372450000	-0.0038970000	2.1285980000	2.1551516936	5	22032018	90410
3.3250017090	0.1500000000	240.0000000000	-0.3371370000	-0.0042130000	2.1282020000	2.1547442676	5	22032018	90415
3.3250092770	0.1500000000	245.0000000000	-0.3373490000	-0.0044830000	2.1276560000	2.1542387285	5	22032018	90421
3.3250048830	0.1500000000	250.0000000000	-0.3372920000	-0.0046130000	2.1273520000	2.1539298282	5	22032018	90426
3.3250092770	0.1500000000	255.0000000000	-0.3372100000	-0.0044860000	2.1270270000	2.1535957297	5	22032018	90432
3.3250017090	0.1500000000	260.0000000000	-0.3371430000	-0.0044660000	2.1268550000	2.1534153196	5	22032018	90438
3.3250092770	0.1500000000	265.0000000000	-0.3367160000	-0.0044250000	2.1267000000	2.1531953314	5	22032018	90443
3.3250017090	0.1500000000	270.0000000000	-0.3363070000	-0.0043830000	2.1266800000	2.1531115696	5	22032018	90449
3.3250075680	0.1500000000	275.0000000000	-0.3359220000	-0.0044840000	2.1266170000	2.1529894475	5	22032018	90454
3.3250017090	0.1500000000	280.0000000000	-0.3354890000	-0.0046000000	2.1266860000	2.1529903325	5	22032018	90500
3.3250092770	0.1500000000	285.0000000000	-0.3353920000	-0.0054700000	2.1265660000	2.1528587197	5	22032018	90505
3.3250144040	0.1500000000	290.0000000000	-0.3353020000	-0.0060530000	2.1264040000	2.1526862385	5	22032018	90511
3.3250107420	0.1500000000	295.0000000000	-0.3351560000	-0.0060890000	2.1264310000	2.1526902745	5	22032018	90517
3.3250000000	0.1500000000	300.0000000000	-0.3355070000	-0.0068440000	2.1260990000	2.1524192773	5	22032018	90522
3.3250092770	0.1500000000	305.0000000000	-0.3354720000	-0.0071480000	2.1261500000	2.1524651865	5	22032018	90528
3.3250095210	0.1500000000	310.0000000000	-0.3355330000	-0.0073260000	2.1260610000	2.1523873815	5	22032018	90533
3.3250092770	0.1500000000	315.0000000000	-0.3358210000	-0.0078280000	2.1260740000	2.1524469041	5	22032018	90539
3.3250048830	0.1500000000	320.0000000000	-0.3361410000	-0.0080770000	2.1260150000	2.1524394974	5	22032018	90544
3.3250092770	0.1500000000	325.0000000000	-0.3367780000	-0.0081450000	2.1258120000	2.1523388259	5	22032018	90550
3.3250126950	0.1500000000	330.0000000000	-0.3372490000	-0.0083120000	2.1256990000	2.1523016090	5	22032018	90556
3.3250092770	0.1500000000	335.0000000000	-0.3380050000	-0.0085580000	2.1256110000	2.1523342544	5	22032018	90601
3.3250048830	0.1500000000	340.0000000000	-0.3381660000	-0.0084100000	2.1258440000	2.1525890653	5	22032018	90607
3.3250092770	0.1500000000	345.0000000000	-0.3382040000	-0.0079550000	2.1262710000	2.1530150007	5	22032018	90612
3.3250017090	0.1500000000	350.0000000000	-0.3384360000	-0.0078340000	2.1266560000	2.1534312248	5	22032018	90618
3.3250092770	0.1500000000	355.0000000000	-0.3386530000	-0.0070240000	2.1271680000	2.1539681732	5	22032018	90624
3.3250017090	0.1500000000	360.0000000000	-0.3396700000	-0.0069480000	2.1270500000	2.1540115334	5	22032018	90629
